   0.1000000000000E+01   0.1227627646037E-02   0.8310651442963E-03   0.1578443147324E-02   0.1545719769882E-02   0.1084442335835E-02   0.6176654511139E-03
   0.2000000000000E+01   0.8797169783513E-03   0.5955406096770E-03   0.1131111084397E-02   0.1107661533709E-02   0.7771104992006E-03   0.4426185628151E-03
   0.3000000000000E+01   0.6312093560356E-03   0.4273087994747E-03   0.8115881780668E-03   0.7947627962447E-03   0.5575877594466E-03   0.3175850699798E-03
   0.4000000000000E+01   0.3827017359691E-03   0.2590769883874E-03   0.4920652733679E-03   0.4818640570926E-03   0.3380650199487E-03   0.1925515779821E-03
   0.5000000000000E+01   0.1341941151989E-03   0.9084517757883E-04   0.1725423684232E-03   0.1689653192012E-03   0.1185422795553E-03   0.6751808578675E-04
   0.6000000000000E+01  -0.1143135056161E-03  -0.7738663281882E-04  -0.1469805363943E-03  -0.1439334196795E-03  -0.1009804604249E-03  -0.5751540639374E-04
   0.7000000000000E+01  -0.3628211269668E-03  -0.2456184433030E-03  -0.4665034409860E-03  -0.4568321588906E-03  -0.3205032002189E-03  -0.1825488987102E-03
   0.8000000000000E+01  -0.6113287477588E-03  -0.4138502541673E-03  -0.7860263460153E-03  -0.7697308972514E-03  -0.5400259405668E-03  -0.3075823910656E-03
   0.9000000000000E+01  -0.6113287477588E-03  -0.4138502541673E-03  -0.7860263460153E-03  -0.7697308972514E-03  -0.5400259405668E-03  -0.3075823910656E-03
   0.1000000000000E+02  -0.1143135056161E-03  -0.7738663281882E-04  -0.1469805363943E-03  -0.1439334196795E-03  -0.1009804604249E-03  -0.5751540639374E-04
   0.1100000000000E+02   0.3827017359691E-03   0.2590769883874E-03   0.4920652733679E-03   0.4818640570926E-03   0.3380650199487E-03   0.1925515779821E-03
   0.1200000000000E+02   0.8797169783513E-03   0.5955406096770E-03   0.1131111084397E-02   0.1107661533709E-02   0.7771104992006E-03   0.4426185628151E-03
   0.1300000000000E+02   0.1227627646037E-02   0.8310651442963E-03   0.1578443147324E-02   0.1545719769882E-02   0.1084442335835E-02   0.6176654511139E-03
