   0.1000000000000E+01   0.4869350045213E+02   0.5529734337381E+03   0.3662509453699E+03
   0.2000000000000E+01   0.3489372290648E+02   0.3962603156592E+03   0.2624551305985E+03
   0.3000000000000E+01   0.2503673929871E+02   0.2843223733372E+03   0.1883152632298E+03
   0.4000000000000E+01   0.1517975522910E+02   0.1723844301078E+03   0.1141753957290E+03
   0.5000000000000E+01   0.5322771327639E+01   0.6044648857621E+02   0.4003552832032E+02
   0.6000000000000E+01  -0.4534212590194E+01  -0.5149145330626E+02  -0.3410433905461E+02
   0.7000000000000E+01  -0.1439119654065E+02  -0.1634293950725E+03  -0.1082442063290E+03
   0.8000000000000E+01  -0.2424818041124E+02  -0.2753673370518E+03  -0.1823840738162E+03
   0.9000000000000E+01  -0.2424818041124E+02  -0.2753673370518E+03  -0.1823840738162E+03
   0.1000000000000E+02  -0.4534212590194E+01  -0.5149145330626E+02  -0.3410433905461E+02
   0.1100000000000E+02   0.1517975522910E+02   0.1723844301078E+03   0.1141753957290E+03
   0.1200000000000E+02   0.3489372290648E+02   0.3962603156592E+03   0.2624551305985E+03
   0.1300000000000E+02   0.4869350045213E+02   0.5529734337381E+03   0.3662509453699E+03
