   0.1000000000000E+01   0.3000000000000E+02   0.6867070679525E-04   0.1666562668418E-03   0.1831723018663E-02  -0.8672525202897E-18  -0.5532358511672E-20  -0.1106757879994E-03   0.0000000000000E+00   0.0000000000000E+00
   0.2000000000000E+01   0.1000000000000E+03   0.4920937277288E-04   0.1194257458413E-03   0.1312611232644E-02   0.5200417000972E-20   0.7081418894940E-20  -0.7931018012573E-04   0.0000000000000E+00   0.0000000000000E+00
   0.3000000000000E+01   0.1500000000000E+03   0.3530842001587E-04   0.8568965950345E-04   0.9418170989922E-03   0.4259916053987E-20  -0.4647181149805E-20  -0.5690617437364E-04   0.0000000000000E+00   0.0000000000000E+00
   0.4000000000000E+01   0.2000000000000E+03   0.2140746725825E-04   0.5195357305900E-04   0.5710229655412E-03   0.2627870293044E-20   0.1036763985087E-18  -0.3450216870173E-04   0.0000000000000E+00   0.0000000000000E+00
   0.5000000000000E+01   0.2500000000000E+03   0.7506514515206E-05   0.1821748662808E-04   0.2002288320219E-03   0.3457724069795E-21   0.9681627395426E-21  -0.1209816318432E-04   0.0000000000000E+00   0.0000000000000E+00
   0.6000000000000E+01   0.3000000000000E+03  -0.6394438289673E-05  -0.1551859973621E-04  -0.1705653014218E-03   0.9750781876822E-21  -0.2655532085603E-20   0.1030584264807E-04   0.0000000000000E+00   0.0000000000000E+00
   0.7000000000000E+01   0.3500000000000E+03  -0.2029539107075E-04  -0.4925468609346E-04  -0.5413594348439E-03   0.3513047654912E-20  -0.2655532085603E-20   0.3270984810060E-04   0.0000000000000E+00   0.0000000000000E+00
   0.8000000000000E+01   0.4000000000000E+03  -0.3419634389589E-04  -0.8299077240477E-04  -0.9121535685297E-03   0.7192066065174E-21   0.5753652852139E-20   0.5511385384515E-04   0.0000000000000E+00   0.0000000000000E+00
   0.9000000000000E+01   0.4000000000000E+03  -0.3419634389589E-04  -0.8299077240477E-04  -0.9121535685297E-03   0.7192066065174E-21  -0.4735698885991E-19   0.5511385384515E-04   0.0000000000000E+00   0.0000000000000E+00
   0.1000000000000E+02   0.3000000000000E+03  -0.6394438289673E-05  -0.1551859973621E-04  -0.1705653014218E-03   0.9750781876822E-21  -0.2655532085603E-20   0.1030584264807E-04   0.0000000000000E+00   0.0000000000000E+00
   0.1100000000000E+02   0.2000000000000E+03   0.2140746725825E-04   0.5195357305900E-04   0.5710229655412E-03   0.2627870293044E-20   0.1036763985087E-18  -0.3450216870173E-04   0.0000000000000E+00   0.0000000000000E+00
   0.1200000000000E+02   0.1000000000000E+03   0.4920937277288E-04   0.1194257458413E-03   0.1312611232644E-02   0.5200417000972E-20   0.7081418894940E-20  -0.7931018012573E-04   0.0000000000000E+00   0.0000000000000E+00
   0.1300000000000E+02   0.3000000000000E+02   0.6867070679525E-04   0.1666562668418E-03   0.1831723018663E-02  -0.8672525202897E-18  -0.5532358511672E-20  -0.1106757879994E-03   0.0000000000000E+00   0.0000000000000E+00
