   0.1000000000000E+01   0.1993359434788E+03   0.1961301066009E+03   0.4545049072463E+03  -0.2039448641743E-15   0.1957870696073E-15   0.3098758070641E+01   0.5967734986088E+03   0.5948147247951E+03  -0.3790057697440E+03   0.3071954314599E+03
   0.2000000000000E+01   0.1428439757090E+03   0.1405466755938E+03   0.3256978484287E+03   0.1894200015899E-11   0.3045576638336E-15   0.2220567535974E+01   0.4276474104666E+03   0.4262437494712E+03  -0.2715952377423E+03   0.2201360003924E+03
   0.3000000000000E+01   0.1024925701383E+03   0.1008442249132E+03   0.2336928065063E+03   0.6594217274968E-16  -0.1522788319168E-15   0.1593288566647E+01   0.3068430544466E+03   0.3058359058604E+03  -0.1948734130934E+03   0.1579506855265E+03
   0.4000000000000E+01   0.6214116459849E+02   0.6114177417009E+02   0.1416877644886E+03   0.2386970690296E-13   0.1540916751539E-15   0.9660096042457E+00   0.1860387033388E+03   0.1854280691346E+03  -0.1181515998885E+03   0.9576537762882E+02
   0.5000000000000E+01   0.2178975900228E+02   0.2143932341345E+02   0.4968272260687E+02  -0.8271097269290E-17   0.1069577509892E-15   0.3387306402294E+00   0.6523434928026E+02   0.6502023278095E+02  -0.4142978239217E+02   0.3358006666236E+02
   0.6000000000000E+01  -0.1856164654764E+02  -0.1826312733532E+02  -0.4232231927281E+02   0.6571556734505E-17   0.8157794566971E-17  -0.2885483238714E+00   0.5557000238209E+02   0.3529203701154E+02  -0.5538760454961E+02   0.2860524288465E+02
   0.7000000000000E+01  -0.5891305213672E+02  -0.5796557809000E+02  -0.1343273611578E+03  -0.2696604315193E-16  -0.7251372948419E-17  -0.9158272830512E+00   0.1763743564516E+03   0.1120138521237E+03  -0.1757954451366E+03   0.9079055234585E+02
   0.8000000000000E+01  -0.9926445769187E+02  -0.9766802878360E+02  -0.2263324031727E+03  -0.2233513510275E-13   0.4350823769051E-15  -0.1543106250319E+01   0.2971787056637E+03   0.1887356739116E+03  -0.2962032764660E+03   0.1529758656332E+03
   0.9000000000000E+01  -0.9926445769187E+02  -0.9766802878360E+02  -0.2263324031727E+03  -0.2233513510275E-13  -0.3033307315307E-11  -0.1543106250319E+01   0.2971787056637E+03   0.1887356739116E+03  -0.2962032764660E+03   0.1529758656332E+03
   0.1000000000000E+02  -0.1856164654764E+02  -0.1826312733532E+02  -0.4232231927281E+02   0.6571556734505E-17   0.8157794566971E-17  -0.2885483238714E+00   0.5557000238209E+02   0.3529203701154E+02  -0.5538760454961E+02   0.2860524288465E+02
   0.1100000000000E+02   0.6214116459849E+02   0.6114177417009E+02   0.1416877644886E+03   0.2386970690296E-13   0.1540916751539E-15   0.9660096042457E+00   0.1860387033388E+03   0.1854280691346E+03  -0.1181515998885E+03   0.9576537762882E+02
   0.1200000000000E+02   0.1428439757090E+03   0.1405466755938E+03   0.3256978484287E+03   0.1895998356391E-11   0.3045576638336E-15   0.2220567535974E+01   0.4276474104666E+03   0.4262437494712E+03  -0.2715952377423E+03   0.2201360003924E+03
   0.1300000000000E+02   0.1993359434788E+03   0.1961301066009E+03   0.4545049072463E+03  -0.2039448641743E-15   0.1957870696073E-15   0.3098758070641E+01   0.5967734986088E+03   0.5948147247951E+03  -0.3790057697440E+03   0.3071954314599E+03
