   0.1000000000000E+01  -0.2906519254403E-02  -0.2395834667332E-02  -0.2589414295012E-02  -0.6551408085423E-03  -0.1281147068467E-02  -0.1180219276992E-02  -0.2906519254403E-02   0.4440625000000E+02   0.0000000000000E+00  -0.1189803186172E-02
   0.2000000000000E+01  -0.2082809344248E-02  -0.1716853182663E-02  -0.1855572187114E-02  -0.4694733729230E-03  -0.9180689518971E-03  -0.8457441782490E-03  -0.2082809344248E-02   0.1614062500000E+02   0.0000000000000E+00  -0.8526119998071E-03
   0.3000000000000E+01  -0.1494445122709E-02  -0.1231866407899E-02  -0.1331399252901E-02  -0.3368537760520E-03  -0.6587274400617E-03  -0.6068333934328E-03  -0.1494445122709E-02   0.1623437500000E+02   0.0000000000000E+00  -0.6117611524039E-03
   0.4000000000000E+01  -0.9060809011697E-03  -0.7468796331356E-03  -0.8072263186878E-03  -0.2042341791811E-03  -0.3993859282263E-03  -0.3679226086166E-03  -0.9060809011697E-03   0.1678125000000E+02   0.0000000000000E+00  -0.3709103050007E-03
   0.5000000000000E+01  -0.3177166796306E-03  -0.2618928583720E-03  -0.2830533844746E-03  -0.7161458231012E-04  -0.1400444163909E-03  -0.1290118238005E-03  -0.3177166796306E-03   0.1703125000000E+02   0.0000000000000E+00  -0.1300594575975E-03
   0.6000000000000E+01   0.2706475419085E-03   0.2230939163917E-03   0.2411195497385E-03   0.6100501456084E-04   0.1192970954445E-03   0.1098989610157E-03   0.2706475419085E-03   0.1759375000000E+02   0.0000000000000E+00   0.1107913898058E-03
   0.7000000000000E+01   0.8590117634475E-03   0.7080806911554E-03   0.7652924839516E-03   0.1936246114318E-03   0.3786386072800E-03   0.3488097458319E-03   0.8590117634475E-03   0.1768750000000E+02   0.0000000000000E+00   0.3516422372090E-03
   0.8000000000000E+01   0.1447375984987E-02   0.1193067465919E-02   0.1289465418165E-02   0.3262442083028E-03   0.6379801191154E-03   0.5877205306480E-03   0.1447375984987E-02   0.1734375000000E+02   0.0000000000000E+00   0.5924930846122E-03
   0.9000000000000E+01   0.1447375984987E-02   0.1193067465919E-02   0.1289465418165E-02   0.3262442083028E-03   0.6379801191154E-03   0.5877205306480E-03   0.1447375984987E-02   0.1737500000000E+02   0.0000000000000E+00   0.5924930846122E-03
   0.1000000000000E+02   0.2706475419085E-03   0.2230939163917E-03   0.2411195497385E-03   0.6100501456084E-04   0.1192970954445E-03   0.1098989610157E-03   0.2706475419085E-03   0.1682812500000E+02   0.0000000000000E+00   0.1107913898058E-03
   0.1100000000000E+02  -0.9060809011697E-03  -0.7468796331356E-03  -0.8072263186878E-03  -0.2042341791811E-03  -0.3993859282263E-03  -0.3679226086166E-03  -0.9060809011697E-03   0.1735937500000E+02   0.0000000000000E+00  -0.3709103050007E-03
   0.1200000000000E+02  -0.2082809344248E-02  -0.1716853182663E-02  -0.1855572187114E-02  -0.4694733729230E-03  -0.9180689518971E-03  -0.8457441782490E-03  -0.2082809344248E-02   0.1637500000000E+02   0.0000000000000E+00  -0.8526119998071E-03
   0.1300000000000E+02  -0.2906519254403E-02  -0.2395834667332E-02  -0.2589414295012E-02  -0.6551408085423E-03  -0.1281147068467E-02  -0.1180219276992E-02  -0.2906519254403E-02   0.1631250000000E+02   0.0000000000000E+00  -0.1189803186172E-02
