   0.1000000000000E+01  -0.2929690331070E-02  -0.2482589304424E-02  -0.2625766033628E-02  -0.5851286086199E-03  -0.1285157369678E-02  -0.1219323653144E-02  -0.2864402794236E-02   0.3575000000000E+02   0.0000000000000E+00  -0.1234820227960E-02
   0.2000000000000E+01  -0.2099413719026E-02  -0.1779021485356E-02  -0.1881621813571E-02  -0.4193026871486E-03  -0.9209427304979E-03  -0.8737663425363E-03  -0.2052628722995E-02   0.1221875000000E+02   0.0000000000000E+00  -0.8848711755015E-03
   0.3000000000000E+01  -0.1506358996137E-02  -0.1276473043165E-02  -0.1350090227817E-02  -0.3008556003834E-03  -0.6607894167979E-03  -0.6269396921022E-03  -0.1472790100680E-02   0.1234375000000E+02   0.0000000000000E+00  -0.6349075666027E-03
   0.4000000000000E+01  -0.9133042732482E-03  -0.7739246009740E-03  -0.8185586420619E-03  -0.1824085136182E-03  -0.4006361030978E-03  -0.3801130416682E-03  -0.8929514783648E-03   0.1231250000000E+02   0.0000000000000E+00  -0.3849439577039E-03
   0.5000000000000E+01  -0.3202495503594E-03  -0.2713761587828E-03  -0.2870270563071E-03  -0.6396142685302E-04  -0.1404827893978E-03  -0.1332863912341E-03  -0.3131128560497E-03   0.1289062500000E+02   0.0000000000000E+00  -0.1349803488051E-03
   0.6000000000000E+01   0.2728051725293E-03   0.2311722834084E-03   0.2445045294476E-03   0.5448565991218E-04   0.1196705243023E-03   0.1135402592000E-03   0.2667257662654E-03   0.1271875000000E+02   0.0000000000000E+00   0.1149832600937E-03
   0.7000000000000E+01   0.8658598954180E-03   0.7337207255996E-03   0.7760361152024E-03   0.1729327466774E-03   0.3798238380023E-03   0.3603669096340E-03   0.8465643885805E-03   0.1259375000000E+02   0.0000000000000E+00   0.3649468689925E-03
   0.8000000000000E+01   0.1458914618307E-02   0.1236269167791E-02   0.1307567700957E-02   0.2913798334426E-03   0.6399771517024E-03   0.6071935600681E-03   0.1426403010896E-02   0.1367187500000E+02   0.0000000000000E+00   0.6149104778913E-03
   0.9000000000000E+01   0.1458914618307E-02   0.1236269167791E-02   0.1307567700957E-02   0.2913798334426E-03   0.6399771517024E-03   0.6071935600681E-03   0.1426403010896E-02   0.1368750000000E+02   0.0000000000000E+00   0.6149104778913E-03
   0.1000000000000E+02   0.2728051725293E-03   0.2311722834084E-03   0.2445045294476E-03   0.5448565991218E-04   0.1196705243023E-03   0.1135402592000E-03   0.2667257662654E-03   0.1356250000000E+02   0.0000000000000E+00   0.1149832600937E-03
   0.1100000000000E+02  -0.9133042732482E-03  -0.7739246009740E-03  -0.8185586420619E-03  -0.1824085136182E-03  -0.4006361030978E-03  -0.3801130416682E-03  -0.8929514783648E-03   0.1392187500000E+02   0.0000000000000E+00  -0.3849439577039E-03
   0.1200000000000E+02  -0.2099413719026E-02  -0.1779021485356E-02  -0.1881621813571E-02  -0.4193026871486E-03  -0.9209427304979E-03  -0.8737663425363E-03  -0.2052628722995E-02   0.1378125000000E+02   0.0000000000000E+00  -0.8848711755015E-03
   0.1300000000000E+02  -0.2929690331070E-02  -0.2482589304424E-02  -0.2625766033628E-02  -0.5851286086199E-03  -0.1285157369678E-02  -0.1219323653144E-02  -0.2864402794236E-02   0.1406250000000E+02   0.0000000000000E+00  -0.1234820227960E-02
