   0.1000000000000E+01   0.4567648763752E+03   0.4567648763275E+03   0.4567648761368E+03
   0.2000000000000E+01   0.3273173408222E+03   0.3273173410034E+03   0.3273173400354E+03
   0.3000000000000E+01   0.2348548150635E+03   0.2348548145294E+03   0.2348548140192E+03
   0.4000000000000E+01   0.1423922896671E+03   0.1423922890472E+03   0.1423922892094E+03
   0.5000000000000E+01   0.4992976372242E+02   0.4992976381302E+02   0.4992976365924E+02
   0.6000000000000E+01  -0.4253276180267E+02  -0.4253276171684E+02  -0.4253276178896E+02
   0.7000000000000E+01  -0.1349952873564E+03  -0.1349952873421E+03  -0.1349952872276E+03
   0.8000000000000E+01  -0.2274578135300E+03  -0.2274578124619E+03  -0.2274578125620E+03
   0.9000000000000E+01  -0.2274578135300E+03  -0.2274578124619E+03  -0.2274578125620E+03
   0.1000000000000E+02  -0.4253276180267E+02  -0.4253276171684E+02  -0.4253276178896E+02
   0.1100000000000E+02   0.1423922896671E+03   0.1423922890472E+03   0.1423922892094E+03
   0.1200000000000E+02   0.3273173408031E+03   0.3273173410034E+03   0.3273173400354E+03
   0.1300000000000E+02   0.4567648763752E+03   0.4567648763275E+03   0.4567648761368E+03
