   0.1000000000000E+01   0.3000000000000E+02   0.2439200180095E-03   0.3179165121669E-03   0.1721476198479E-02  -0.6297385438295E-19  -0.5649654364642E-17  -0.1210128960137E-03   0.0000000000000E+00   0.0000000000000E+00
   0.2000000000000E+01   0.1000000000000E+03   0.1747928873839E-03   0.2278187154182E-03   0.1233608450520E-02   0.4584635003154E-20  -0.2768081511338E-19  -0.8671774332717E-04   0.0000000000000E+00   0.0000000000000E+00
   0.3000000000000E+01   0.1500000000000E+03   0.1254163655780E-03   0.1634631460873E-03   0.8851314866241E-03   0.1453242793453E-19   0.5662802751821E-17  -0.6222120569034E-04   0.0000000000000E+00   0.0000000000000E+00
   0.4000000000000E+01   0.2000000000000E+03   0.7603984377897E-04   0.9910757684489E-04   0.5366545238943E-03  -0.5233404107374E-20   0.1903056039045E-20  -0.3772466807138E-04   0.0000000000000E+00   0.0000000000000E+00
   0.5000000000000E+01   0.2500000000000E+03   0.2666332183289E-04   0.3475200745100E-04   0.1881775603088E-03  -0.5406409201833E-22  -0.1130852125056E-16  -0.1322813026761E-04   0.0000000000000E+00   0.0000000000000E+00
   0.6000000000000E+01   0.3000000000000E+03  -0.2271320008050E-04  -0.2960356188124E-04  -0.1602994030788E-03  -0.7352716514493E-21  -0.8835127966871E-16   0.1126840729188E-04   0.0000000000000E+00   0.0000000000000E+00
   0.7000000000000E+01   0.3500000000000E+03  -0.7208972203831E-04  -0.9395913124999E-04  -0.5087763666086E-03  -0.6747198683888E-20  -0.1211035661211E-20   0.3576494485827E-04   0.0000000000000E+00   0.0000000000000E+00
   0.8000000000000E+01   0.4000000000000E+03  -0.1214662436634E-03  -0.1583147002782E-03  -0.8572533297793E-03   0.1557045850128E-20  -0.2263027739085E-16   0.6026148224954E-04   0.0000000000000E+00   0.0000000000000E+00
   0.9000000000000E+01   0.4000000000000E+03  -0.1214662436634E-03  -0.1583147002782E-03  -0.8572533297793E-03   0.1557045850128E-20  -0.2263027739085E-16   0.6026148224954E-04   0.0000000000000E+00   0.0000000000000E+00
   0.1000000000000E+02   0.3000000000000E+03  -0.2271320008050E-04  -0.2960356188124E-04  -0.1602994030788E-03  -0.7352716514493E-21  -0.8835127966871E-16   0.1126840729188E-04   0.0000000000000E+00   0.0000000000000E+00
   0.1100000000000E+02   0.2000000000000E+03   0.7603984377897E-04   0.9910757684489E-04   0.5366545238943E-03  -0.5233404107374E-20   0.1903056039045E-20  -0.3772466807138E-04   0.0000000000000E+00   0.0000000000000E+00
   0.1200000000000E+02   0.1000000000000E+03   0.1747928873839E-03   0.2278187154182E-03   0.1233608450520E-02   0.4584635003154E-20  -0.2768081511338E-19  -0.8671774332717E-04   0.0000000000000E+00   0.0000000000000E+00
   0.1300000000000E+02   0.3000000000000E+02   0.2439200180095E-03   0.3179165121669E-03   0.1721476198479E-02  -0.6297385438295E-19  -0.5649654364642E-17  -0.1210128960137E-03   0.0000000000000E+00   0.0000000000000E+00
