   0.1000000000000E+01   0.2435816381898E+03   0.2385516806120E+03   0.4567648760509E+03  -0.1904794394234E-14   0.6802837122265E-16   0.1178008058562E+01   0.1117008513405E+04   0.1191777191207E+04   0.9757939529419E+02   0.4151403524167E+03
   0.2000000000000E+01   0.1745504046043E+03   0.1709459410489E+03   0.3273173402732E+03   0.1360567424453E-15  -0.1133806187044E-15   0.8441595898656E+00   0.8004473910690E+03   0.8540265655843E+03   0.6992531967163E+02   0.2974892373476E+03
   0.3000000000000E+01   0.1252423807378E+03   0.1226561272020E+03   0.2348548147469E+03  -0.8503546402832E-15   0.2324302683441E-13   0.6056964507505E+00   0.5743323106400E+03   0.6127761039967E+03   0.5017240333557E+02   0.2134527353492E+03
   0.4000000000000E+01   0.7593435684613E+02   0.7436631340264E+02   0.1423922892730E+03  -0.6576075884857E-15   0.3792921837519E-12   0.3672332860305E+00   0.3482172247898E+03   0.3715256729267E+03   0.3041948890686E+02   0.1294162259368E+03
   0.5000000000000E+01   0.2662633290550E+02   0.2607649950065E+02   0.4992976378418E+02  -0.9070449496354E-16   0.1448437403949E-14   0.1287701123960E+00   0.1221021446047E+03   0.1302752380421E+03   0.1066657400131E+02   0.4537971442179E+02
   0.6000000000000E+01  -0.2268169100249E+02  -0.2221331438657E+02  -0.4253276175722E+02   0.4251773201416E-16   0.5952482481982E-16  -0.1096930572753E+00   0.1040129358836E+03  -0.9086340904236E+01  -0.1109752016110E+03   0.3865679366116E+02
   0.7000000000000E+01  -0.7198971491071E+02  -0.7050312822452E+02  -0.1349952873234E+03  -0.3711514553289E-13   0.2210922064736E-15  -0.3481562263758E+00   0.3301280199539E+03  -0.2883925533295E+02  -0.3522256355420E+03   0.1226933043836E+03
   0.8000000000000E+01  -0.1212977388326E+03  -0.1187929421285E+03  -0.2274578127520E+03   0.7936643309310E-15  -0.1088453939562E-13  -0.5866194001829E+00   0.5562430999944E+03  -0.4859217071533E+02  -0.5934760818707E+03   0.2067298127351E+03
   0.9000000000000E+01  -0.1212977388326E+03  -0.1187929421285E+03  -0.2274578127520E+03   0.7936643309310E-15  -0.1088453939562E-13  -0.5866194001829E+00   0.5562430999944E+03  -0.4859217071533E+02  -0.5934760818707E+03   0.2067298127351E+03
   0.1000000000000E+02  -0.2268169100249E+02  -0.2221331438657E+02  -0.4253276175722E+02   0.4251773201416E-16   0.5952482481982E-16  -0.1096930572753E+00   0.1040129358836E+03  -0.9086340904236E+01  -0.1109752016110E+03   0.3865679366116E+02
   0.1100000000000E+02   0.7593435684613E+02   0.7436631340264E+02   0.1423922892730E+03  -0.6576075884857E-15   0.3792921837519E-12   0.3672332860305E+00   0.3482172247898E+03   0.3715256729267E+03   0.3041948890686E+02   0.1294162259368E+03
   0.1200000000000E+02   0.1745504046043E+03   0.1709459410489E+03   0.3273173402726E+03   0.1360567424453E-15  -0.7411691044708E-12   0.8441595898656E+00   0.8004473910690E+03   0.8540265655843E+03   0.6992531967163E+02   0.2974892373476E+03
   0.1300000000000E+02   0.2435816381898E+03   0.2385516806120E+03   0.4567648760509E+03  -0.1904794394234E-14   0.6802837122265E-16   0.1178008058562E+01   0.1117008513405E+04   0.1191777191207E+04   0.9757939529419E+02   0.4151403524167E+03
