   0.1000000000000E+01   0.2073095840048E+03   0.2031049240180E+03   0.4272635296520E+03   0.2449021364016E-14   0.2517049735238E-14   0.3376860299627E+01   0.6273465884199E+03   0.8249255523996E+03  -0.3782127380371E+03   0.2813120884508E+03
   0.2000000000000E+01   0.1485578800475E+03   0.1455448241834E+03   0.3061766991636E+03  -0.7256359597083E-15   0.2244936250348E-14   0.2419855351293E+01   0.4495560593573E+03   0.5911409759746E+03  -0.2710269470215E+03   0.2015880202390E+03
   0.3000000000000E+01   0.1065923772158E+03   0.1044304670382E+03   0.2196861063332E+03   0.1020425568340E-14   0.1780075713659E-14   0.1736280399680E+01   0.3225628232759E+03   0.4241520004434E+03  -0.1944656677246E+03   0.1446422475401E+03
   0.4000000000000E+01   0.6462687430750E+02   0.6331610993314E+02   0.1331955132278E+03   0.2494373611497E-15   0.2963202469840E-13   0.1052705442633E+01   0.1955695844630E+03   0.2571630210974E+03  -0.1179043807983E+03   0.8769648162460E+02
   0.5000000000000E+01   0.2266137152538E+02   0.2220175283250E+02   0.4670492023298E+02  -0.3401418561133E-16   0.7416056198528E-12   0.3691304791927E+00   0.6857634797241E+02   0.9017404747352E+02  -0.4134309387207E+02   0.3075071427446E+02
   0.6000000000000E+01  -0.1930413130225E+02  -0.1891260429128E+02  -0.3978567278411E+02   0.1417257733805E-16  -0.3316383097104E-15  -0.3144444815021E+00   0.5841688904468E+02   0.3521818923950E+02  -0.7681492805773E+02   0.2619505335856E+02
   0.7000000000000E+01  -0.6126963411436E+02  -0.6002696135050E+02  -0.1262762657780E+03  -0.1482757717231E-11  -0.6462695266152E-14  -0.9980194441163E+00   0.1854101259769E+03   0.1117794723511E+03  -0.2438039016816E+03   0.8314082299195E+02
   0.8000000000000E+01  -0.1032351369818E+03  -0.1011413185247E+03  -0.2127668588176E+03   0.1043101692081E-14  -0.7120302854638E-14  -0.1681594405648E+01   0.3124033680592E+03   0.1883407592773E+03  -0.4107928772129E+03   0.1400865916035E+03
   0.9000000000000E+01  -0.1032351369818E+03  -0.1011413185247E+03  -0.2127668588176E+03   0.1043101692081E-14  -0.1315215176971E-14  -0.1681594405648E+01   0.3124033680592E+03   0.1883407592773E+03  -0.4107928772129E+03   0.1400865916035E+03
   0.1000000000000E+02  -0.1930413130225E+02  -0.1891260429128E+02  -0.3978567278411E+02   0.1417257733805E-16  -0.3316383097104E-15  -0.3144444815021E+00   0.5841688904468E+02   0.3521818923950E+02  -0.7681492805773E+02   0.2619505335856E+02
   0.1100000000000E+02   0.6462687430750E+02   0.6331610993314E+02   0.1331955132278E+03   0.2494373611497E-15   0.2963202469840E-13   0.1052705442633E+01   0.1955695844630E+03   0.2571630210974E+03  -0.1179043807983E+03   0.8769648162460E+02
   0.1200000000000E+02   0.1485578800475E+03   0.1455448241834E+03   0.3061766991636E+03  -0.7256359597083E-15   0.2970572210056E-14   0.2419855351293E+01   0.4495560593573E+03   0.5911409759746E+03  -0.2710269470215E+03   0.2015880202390E+03
   0.1300000000000E+02   0.2073095840048E+03   0.2031049240180E+03   0.4272635296520E+03   0.2449021364016E-14   0.2517049735238E-14   0.3376860299627E+01   0.6273465884199E+03   0.8249255523996E+03  -0.3782127380371E+03   0.2813120884508E+03
