   0.1000000000000E+01  -0.3072371115364E-02  -0.2566940606402E-02  -0.2739178283162E-02  -0.6297439100772E-03  -0.1280045765410E-02  -0.1179795646063E-02  -0.3072371115364E-02   0.4567187500000E+02   0.0000000000000E+00  -0.1192095892541E-02
   0.2000000000000E+01  -0.2201658653520E-02  -0.1839467560053E-02  -0.1962892939756E-02  -0.4512739760472E-03  -0.9172797590182E-03  -0.8454406046682E-03  -0.2201658653520E-02   0.1728125000000E+02   0.0000000000000E+00  -0.8542549513349E-03
   0.3000000000000E+01  -0.1579721180774E-02  -0.1319843955518E-02  -0.1408403408751E-02  -0.3237954517400E-03  -0.6581611830243E-03  -0.6066155751008E-03  -0.1579721180774E-02   0.1692187500000E+02   0.0000000000000E+00  -0.6129399933306E-03
   0.4000000000000E+01  -0.9577837080282E-03  -0.8002203509833E-03  -0.8539138777465E-03  -0.1963169274329E-03  -0.3990426070304E-03  -0.3677905455335E-03  -0.9577837080282E-03   0.1667187500000E+02   0.0000000000000E+00  -0.3716250353263E-03
   0.5000000000000E+01  -0.3358462352823E-03  -0.2805967464484E-03  -0.2994243467420E-03  -0.6883840312568E-04  -0.1399240310365E-03  -0.1289655159661E-03  -0.3358462352823E-03   0.1679687500000E+02   0.0000000000000E+00  -0.1303100773220E-03
   0.6000000000000E+01   0.2860912374636E-03   0.2390268580865E-03   0.2550651842625E-03   0.5864012118149E-04   0.1191945449575E-03   0.1098595136013E-03   0.2860912374636E-03   0.1715625000000E+02   0.0000000000000E+00   0.1110048806822E-03
   0.7000000000000E+01   0.9080287102095E-03   0.7586504626214E-03   0.8095547152671E-03   0.1861186454887E-03   0.3783131209514E-03   0.3486845431686E-03   0.9080287102095E-03   0.1721875000000E+02   0.0000000000000E+00   0.3523198386865E-03
   0.8000000000000E+01   0.1529966182955E-02   0.1278274067156E-02   0.1364044246272E-02   0.3135971697958E-03   0.6374316969453E-03   0.5875095727360E-03   0.1529966182955E-02   0.1681250000000E+02   0.0000000000000E+00   0.5936347966908E-03
   0.9000000000000E+01   0.1529966182955E-02   0.1278274067156E-02   0.1364044246272E-02   0.3135971697958E-03   0.6374316969453E-03   0.5875095727360E-03   0.1529966182955E-02   0.1635937500000E+02   0.0000000000000E+00   0.5936347966908E-03
   0.1000000000000E+02   0.2860912374636E-03   0.2390268580865E-03   0.2550651842625E-03   0.5864012118149E-04   0.1191945449575E-03   0.1098595136013E-03   0.2860912374636E-03   0.1585937500000E+02   0.0000000000000E+00   0.1110048806822E-03
   0.1100000000000E+02  -0.9577837080282E-03  -0.8002203509833E-03  -0.8539138777465E-03  -0.1963169274329E-03  -0.3990426070304E-03  -0.3677905455335E-03  -0.9577837080282E-03   0.1556250000000E+02   0.0000000000000E+00  -0.3716250353263E-03
   0.1200000000000E+02  -0.2201658653520E-02  -0.1839467560053E-02  -0.1962892939756E-02  -0.4512739760472E-03  -0.9172797590182E-03  -0.8454406046682E-03  -0.2201658653520E-02   0.1625000000000E+02   0.0000000000000E+00  -0.8542549513349E-03
   0.1300000000000E+02  -0.3072371115364E-02  -0.2566940606402E-02  -0.2739178283162E-02  -0.6297439100772E-03  -0.1280045765410E-02  -0.1179795646063E-02  -0.3072371115364E-02   0.1646875000000E+02   0.0000000000000E+00  -0.1192095892541E-02
