   0.1000000000000E+01   0.3000000000000E+02   0.1568117306298E-03   0.2142092381872E-03   0.1666133792452E-02   0.3909915134766E-19   0.3105441445533E-19  -0.6375760407046E-04   0.0000000000000E+00   0.0000000000000E+00
   0.2000000000000E+01   0.1000000000000E+03   0.1123711592120E-03   0.1535021664103E-03   0.1193950126596E-02  -0.1730050944587E-19  -0.5146901560145E-20  -0.4568864780159E-04   0.0000000000000E+00   0.0000000000000E+00
   0.3000000000000E+01   0.1500000000000E+03   0.8062789370676E-04   0.1101399725965E-03   0.8566760797769E-03  -0.2387470303529E-19  -0.1275912571633E-19  -0.3278225011146E-04   0.0000000000000E+00   0.0000000000000E+00
   0.4000000000000E+01   0.2000000000000E+03   0.4888462853545E-04   0.6677777856950E-04   0.5194020323186E-03   0.4507128720837E-17   0.3619014637406E-15  -0.1987585227911E-04   0.0000000000000E+00   0.0000000000000E+00
   0.5000000000000E+01   0.2500000000000E+03   0.1714136327451E-04   0.2341558473907E-04   0.1821279855212E-03   0.3534351350587E-16   0.2261797240351E-16  -0.6969454718709E-05   0.0000000000000E+00   0.0000000000000E+00
   0.6000000000000E+01   0.3000000000000E+03  -0.1460190203828E-04  -0.1994660918885E-04  -0.1551460616349E-03  -0.1381878191989E-17   0.2070654724302E-20   0.5936942909609E-05   0.0000000000000E+00   0.0000000000000E+00
   0.7000000000000E+01   0.3500000000000E+03  -0.4634516726177E-04  -0.6330880321339E-04  -0.4924201087801E-03  -0.8459949119028E-19  -0.2261811945784E-15   0.1884334055739E-04   0.0000000000000E+00   0.0000000000000E+00
   0.8000000000000E+01   0.4000000000000E+03  -0.7808843277152E-04  -0.1066709968889E-03  -0.8296941553460E-03  -0.1449782691564E-18   0.8650254722933E-20   0.3174973794952E-04   0.0000000000000E+00   0.0000000000000E+00
   0.9000000000000E+01   0.4000000000000E+03  -0.7808843277152E-04  -0.1066709968889E-03  -0.8296941553460E-03  -0.1449782691564E-18   0.8650254722933E-20   0.3174973794952E-04   0.0000000000000E+00   0.0000000000000E+00
   0.1000000000000E+02   0.3000000000000E+03  -0.1460190203828E-04  -0.1994660918885E-04  -0.1551460616349E-03  -0.1381878191989E-17   0.2070654724302E-20   0.5936942909609E-05   0.0000000000000E+00   0.0000000000000E+00
   0.1100000000000E+02   0.2000000000000E+03   0.4888462853545E-04   0.6677777856950E-04   0.5194020323186E-03   0.4507128720837E-17   0.3619014637406E-15  -0.1987585227911E-04   0.0000000000000E+00   0.0000000000000E+00
   0.1200000000000E+02   0.1000000000000E+03   0.1123711592120E-03   0.1535021664103E-03   0.1193950126596E-02  -0.1730050944587E-19  -0.5146901560145E-20  -0.4568864780159E-04   0.0000000000000E+00   0.0000000000000E+00
   0.1300000000000E+02   0.3000000000000E+02   0.1568117306298E-03   0.2142092381872E-03   0.1666133792452E-02   0.3909915134766E-19   0.3105441445533E-19  -0.6375760407046E-04   0.0000000000000E+00   0.0000000000000E+00
