   0.1000000000000E+01   0.4843827411595E+02   0.5173445948029E+03   0.3534117912292E+03
   0.2000000000000E+01   0.3471082796535E+02   0.3707287175751E+03   0.2532546028900E+03
   0.3000000000000E+01   0.2490550950803E+02   0.2660030921555E+03   0.1817137550545E+03
   0.4000000000000E+01   0.1510019071095E+02   0.1612774647903E+03   0.1101729066086E+03
   0.5000000000000E+01   0.5294872042662E+01   0.5655183815956E+02   0.3863205814362E+02
   0.6000000000000E+01  -0.4510446573487E+01  -0.4817378826141E+02  -0.3290879026890E+02
   0.7000000000000E+01  -0.1431576522297E+02  -0.1528994145203E+03  -0.1044496385670E+03
   0.8000000000000E+01  -0.2412108386009E+02  -0.2576250411606E+03  -0.1759904873657E+03
   0.9000000000000E+01  -0.2412108386009E+02  -0.2576250411606E+03  -0.1759904873657E+03
   0.1000000000000E+02  -0.4510446573487E+01  -0.4817378826141E+02  -0.3290879026890E+02
   0.1100000000000E+02   0.1510019071095E+02   0.1612774647903E+03   0.1101729066086E+03
   0.1200000000000E+02   0.3471082796535E+02   0.3707287175751E+03   0.2532546028900E+03
   0.1300000000000E+02   0.4843827411595E+02   0.5173445948029E+03   0.3534117912292E+03
