   0.1000000000000E+01   0.1401916378288E+03   0.1510952045476E+03  -0.3540970560191E-08  -0.9270534425317E+00   0.6864674564452E+00  -0.1539695945728E+01   0.5064665401898E+03   0.7379078026099E+03   0.5818706893921E+02   0.1762838469395E+03
   0.2000000000000E+01   0.1004612141514E+03   0.1082747012329E+03   0.4852741973066E-08  -0.6643257421251E+00   0.4919220202310E+00  -0.1103344865434E+01   0.3629335104863E+03   0.5287841263019E+03   0.4169680595398E+02   0.1263248676395E+03
   0.3000000000000E+01   0.7208234006932E+02   0.7768862739718E+02   0.2386241771379E-09  -0.4766630915019E+00   0.3529609977344E+00  -0.7916655233843E+00   0.2604099200779E+03   0.3794100761558E+03   0.2991804695129E+02   0.9063987434602E+02
   0.4000000000000E+01   0.4370346604875E+02   0.4710255363073E+02  -0.2032740075004E-08  -0.2890004678914E+00   0.2139999741889E+00  -0.4799861856418E+00   0.1578863288571E+03   0.2300360317318E+03   0.1813928890228E+02   0.5495488465565E+02
   0.5000000000000E+01   0.1532459198975E+02   0.1651647984522E+02   0.1210646910072E-08  -0.1013378247272E+00   0.7503895229550E-01  -0.1683068438562E+00   0.5536273915063E+02   0.8066198635408E+02   0.6360529661179E+01   0.1926989457375E+02
   0.6000000000000E+01  -0.1305428206705E+02  -0.1406959394345E+02  -0.1910669632627E-09   0.8632481263830E-01  -0.6392207032248E-01   0.1433724972128E+00   0.4716085156963E+02  -0.5418229103088E+01  -0.6871206236147E+02   0.1641509580192E+02
   0.7000000000000E+01  -0.4143315612363E+02  -0.4465566774690E+02  -0.2812371804766E-08   0.2739874541771E+00  -0.2028830928849E+00   0.4550518390530E+00   0.1496844431970E+03  -0.1719698810577E+02  -0.2180861072623E+03   0.5210008535513E+02
   0.8000000000000E+01  -0.6981203012793E+02  -0.7524174149834E+02  -0.9984824063639E-09   0.4616500943881E+00  -0.3418441163546E+00   0.7667311818443E+00   0.2522080318010E+03  -0.2897574663162E+02  -0.3674601516863E+03   0.8778507504550E+02
   0.9000000000000E+01  -0.6981203012793E+02  -0.7524174149834E+02  -0.9984824063639E-09   0.4616500943881E+00  -0.3418441163546E+00   0.7667311818443E+00   0.2522080318010E+03  -0.2897574663162E+02  -0.3674601516863E+03   0.8778507504550E+02
   0.1000000000000E+02  -0.1305428206705E+02  -0.1406959394345E+02  -0.1910553530873E-09   0.8632481263830E-01  -0.6392207032248E-01   0.1433724972128E+00   0.4716085156963E+02  -0.5418229103088E+01  -0.6871206236147E+02   0.1641509580192E+02
   0.1100000000000E+02   0.4370346604875E+02   0.4710255363073E+02  -0.2032740075004E-08  -0.2890004678914E+00   0.2139999741898E+00  -0.4799861856418E+00   0.1578863288571E+03   0.2300360317318E+03   0.1813928890228E+02   0.5495488465565E+02
   0.1200000000000E+02   0.1004612141514E+03   0.1082747012329E+03   0.4852741973066E-08  -0.6643257421251E+00   0.4919220202310E+00  -0.1103344865434E+01   0.3629335104863E+03   0.5287841263019E+03   0.4169680595398E+02   0.1263248676395E+03
   0.1300000000000E+02   0.1401916378288E+03   0.1510952045476E+03  -0.3540970560191E-08  -0.9270534425317E+00   0.6864674564452E+00  -0.1539695945728E+01   0.5064665401898E+03   0.7379078026099E+03   0.5818706893921E+02   0.1762838469395E+03
