   0.1000000000000E+01  -0.5310634112943E-02  -0.5228664778951E-02  -0.5312559500262E-02  -0.1472171033580E-02  -0.1274547512059E-02  -0.1176903113103E-02  -0.5310634112943E-02   0.3673437500000E+02   0.0000000000000E+00  -0.1183475407390E-02
   0.2000000000000E+01  -0.3805596105226E-02  -0.3746856946859E-02  -0.3806975836220E-02  -0.1054956570622E-02  -0.9133397151192E-03  -0.8433678178918E-03  -0.3805596105226E-02   0.1389062500000E+02   0.0000000000000E+00  -0.8480775186562E-03
   0.3000000000000E+01  -0.2730568956857E-02  -0.2688422781080E-02  -0.2731558933332E-02  -0.7569462399378E-03  -0.6553341458764E-03  -0.6051283213122E-03  -0.2730568956857E-02   0.1432812500000E+02   0.0000000000000E+00  -0.6085075981317E-03
   0.4000000000000E+01  -0.1655541808488E-02  -0.1629988615300E-02  -0.1656142030445E-02  -0.4589359092535E-03  -0.3973285766337E-03  -0.3668888247325E-03  -0.1655541808488E-02   0.1471875000000E+02   0.0000000000000E+00  -0.3689376776073E-03
   0.5000000000000E+01  -0.5805146601187E-03  -0.5715544495203E-03  -0.5807251275583E-03  -0.1609255785692E-03  -0.1393230073909E-03  -0.1286493281528E-03  -0.5805146601187E-03   0.1396875000000E+02   0.0000000000000E+00  -0.1293677570829E-03
   0.6000000000000E+01   0.4945124882506E-03   0.4868797162594E-03   0.4946917753288E-03   0.1370847521151E-03   0.1186825618519E-03   0.1095901684269E-03   0.4945124882506E-03   0.1437500000000E+02   0.0000000000000E+00   0.1102021634415E-03
   0.7000000000000E+01   0.1569539636620E-02   0.1545313882039E-02   0.1570108678216E-02   0.4350950827993E-03   0.3766881310947E-03   0.3478296650066E-03   0.1569539636620E-02   0.1471875000000E+02   0.0000000000000E+00   0.3497720839659E-03
   0.8000000000000E+01   0.2644566784989E-02   0.2603748047819E-02   0.2645525581103E-02   0.7331054134836E-03   0.6346937003375E-03   0.5860691615863E-03   0.2644566784989E-02   0.1343750000000E+02   0.0000000000000E+00   0.5893420044903E-03
   0.9000000000000E+01   0.2644566784989E-02   0.2603748047819E-02   0.2645525581103E-02   0.7331054134836E-03   0.6346937003375E-03   0.5860691615863E-03   0.2644566784989E-02   0.1401562500000E+02   0.0000000000000E+00   0.5893420044903E-03
   0.1000000000000E+02   0.4945124882506E-03   0.4868797162594E-03   0.4946917753288E-03   0.1370847521151E-03   0.1186825618519E-03   0.1095901684269E-03   0.4945124882506E-03   0.1525000000000E+02   0.0000000000000E+00   0.1102021634415E-03
   0.1100000000000E+02  -0.1655541808488E-02  -0.1629988615300E-02  -0.1656142030445E-02  -0.4589359092535E-03  -0.3973285766337E-03  -0.3668888247325E-03  -0.1655541808488E-02   0.1514062500000E+02   0.0000000000000E+00  -0.3689376776073E-03
   0.1200000000000E+02  -0.3805596105226E-02  -0.3746856946859E-02  -0.3806975836220E-02  -0.1054956570622E-02  -0.9133397151192E-03  -0.8433678178918E-03  -0.3805596105226E-02   0.1532812500000E+02   0.0000000000000E+00  -0.8480775186562E-03
   0.1300000000000E+02  -0.5310634112943E-02  -0.5228664778951E-02  -0.5312559500262E-02  -0.1472171033580E-02  -0.1274547512059E-02  -0.1176903113103E-02  -0.5310634112943E-02   0.1378125000000E+02   0.0000000000000E+00  -0.1183475407390E-02
