   0.1000000000000E+01  -0.8698552809343E-08  -0.4237750537255E-07   0.3024004340298E-07
   0.2000000000000E+01  -0.7392372877749E-08   0.2566492184537E-07  -0.9664801192509E-08
   0.3000000000000E+01  -0.1592095942314E-07   0.1585576660048E-07   0.2675223874887E-08
   0.4000000000000E+01  -0.9316718210418E-08   0.4101311793737E-08   0.2130401698131E-09
   0.5000000000000E+01   0.5766924053371E-09   0.1443550032393E-08  -0.5196779900963E-08
   0.6000000000000E+01  -0.2320157361141E-08  -0.6066402427845E-08   0.2706654990300E-09
   0.7000000000000E+01   0.2782908249968E-08  -0.4376052045353E-08   0.4394679002185E-08
   0.8000000000000E+01   0.6031477830375E-08  -0.1774635183377E-07   0.6263143860375E-09
   0.9000000000000E+01   0.6031477830375E-08  -0.1774635183377E-07   0.6263143860375E-09
   0.1000000000000E+02  -0.2320157361141E-08  -0.6066402427845E-08   0.2706654990300E-09
   0.1100000000000E+02  -0.9316718210418E-08   0.4101311793737E-08   0.2130401698131E-09
   0.1200000000000E+02  -0.7392372877749E-08   0.2566492184537E-07  -0.9664801192509E-08
   0.1300000000000E+02  -0.8698552809343E-08  -0.4237750537255E-07   0.3024004340298E-07
