   0.1000000000000E+01   0.3000000000000E+02   0.7261069018932E-03   0.4660201922958E-03  -0.4837446955232E-03   0.5474543136304E-04  -0.1412187607780E-03   0.2915539475318E-03   0.0000000000000E+00   0.0000000000000E+00
   0.2000000000000E+01   0.1000000000000E+03   0.5203276177174E-03   0.3339496924893E-03  -0.3466510570857E-03   0.3923053167824E-04  -0.1011972496136E-03   0.2089273227473E-03   0.0000000000000E+00   0.0000000000000E+00
   0.3000000000000E+01   0.1500000000000E+03   0.3733424149953E-03   0.2396136213095E-03  -0.2487270297335E-03   0.2814846066555E-04  -0.7261045590370E-04   0.1499083049194E-03   0.0000000000000E+00   0.0000000000000E+00
   0.4000000000000E+01   0.2000000000000E+03   0.2263572123314E-03   0.1452775498449E-03  -0.1508030022666E-03   0.1706638958188E-04  -0.4402366225317E-04   0.9088928721445E-04   0.0000000000000E+00   0.0000000000000E+00
   0.5000000000000E+01   0.2500000000000E+03   0.7937200948979E-04   0.5094147851334E-04  -0.5287897483071E-04   0.5984318399920E-05  -0.1543686857607E-04   0.3187026955951E-04   0.0000000000000E+00   0.0000000000000E+00
   0.6000000000000E+01   0.3000000000000E+03  -0.6761319330408E-04  -0.4339459281641E-04   0.4504505261826E-04  -0.5097752729728E-05   0.1314992509250E-04  -0.2714874815503E-04   0.0000000000000E+00   0.0000000000000E+00
   0.7000000000000E+01   0.3500000000000E+03  -0.2145983961256E-03  -0.1377306641519E-03   0.1429690800577E-03  -0.1617982378365E-04   0.4173671878445E-04  -0.8616776591733E-04   0.0000000000000E+00   0.0000000000000E+00
   0.8000000000000E+01   0.4000000000000E+03  -0.3615835988917E-03  -0.2320667353476E-03   0.2408931075794E-03  -0.2726189495677E-04   0.7032351251722E-04  -0.1451867835844E-03   0.0000000000000E+00   0.0000000000000E+00
   0.9000000000000E+01   0.4000000000000E+03  -0.3615835988917E-03  -0.2320667353476E-03   0.2408931075794E-03  -0.2726189495677E-04   0.7032351251722E-04  -0.1451867835844E-03   0.0000000000000E+00   0.0000000000000E+00
   0.1000000000000E+02   0.3000000000000E+03  -0.6761319330408E-04  -0.4339459281641E-04   0.4504505261826E-04  -0.5097752729728E-05   0.1314992509250E-04  -0.2714874815503E-04   0.0000000000000E+00   0.0000000000000E+00
   0.1100000000000E+02   0.2000000000000E+03   0.2263572123314E-03   0.1452775498449E-03  -0.1508030022666E-03   0.1706638958188E-04  -0.4402366225317E-04   0.9088928721445E-04   0.0000000000000E+00   0.0000000000000E+00
   0.1200000000000E+02   0.1000000000000E+03   0.5203276177174E-03   0.3339496924893E-03  -0.3466510570857E-03   0.3923053167824E-04  -0.1011972496136E-03   0.2089273227473E-03   0.0000000000000E+00   0.0000000000000E+00
   0.1300000000000E+02   0.3000000000000E+02   0.7261069018932E-03   0.4660201922958E-03  -0.4837446955232E-03   0.5474543136304E-04  -0.1412187607780E-03   0.2915539475318E-03   0.0000000000000E+00   0.0000000000000E+00
