   0.1000000000000E+01   0.3000000000000E+02   0.6017706010680E-03   0.5328880114492E-03  -0.4178278818914E-03  -0.4844142644842E-20   0.3393218119655E-16   0.9556720210121E-04   0.0000000000000E+00   0.0000000000000E+00
   0.2000000000000E+01   0.1000000000000E+03   0.4312283258071E-03   0.3818671172961E-03  -0.2994151218233E-03   0.2076061133504E-20   0.2820848065148E-17   0.6848337947335E-04   0.0000000000000E+00   0.0000000000000E+00
   0.3000000000000E+01   0.1500000000000E+03   0.3094124144567E-03   0.2739950502878E-03  -0.2148345788886E-03   0.7958234345098E-20   0.4522474272715E-16   0.4913779218291E-04   0.0000000000000E+00   0.0000000000000E+00
   0.4000000000000E+01   0.2000000000000E+03   0.1875965032826E-03   0.1661229834772E-03  -0.1302540360658E-03  -0.2006859095720E-19   0.2996569339590E-16   0.2979220472452E-04   0.0000000000000E+00   0.0000000000000E+00
   0.5000000000000E+01   0.2500000000000E+03   0.6578059204066E-04   0.5825091616777E-04  -0.4567349311153E-04  -0.6055178306053E-21   0.2821194075337E-17   0.1044661724948E-04   0.0000000000000E+00   0.0000000000000E+00
   0.6000000000000E+01   0.3000000000000E+03  -0.5603531915207E-04  -0.4962115086459E-04   0.3890704971837E-04  -0.3806112078090E-20  -0.1426643260180E-18  -0.8898970221052E-05   0.0000000000000E+00   0.0000000000000E+00
   0.7000000000000E+01   0.3500000000000E+03  -0.1778512304871E-03  -0.1574932180104E-03   0.1234875925640E-03  -0.1903056039045E-20   0.2681578964109E-20  -0.2824455766297E-04   0.0000000000000E+00   0.0000000000000E+00
   0.8000000000000E+01   0.4000000000000E+03  -0.2996671414765E-03  -0.2653652849221E-03   0.2080681353989E-03  -0.1211035661211E-19  -0.2261955107500E-16  -0.4759014506835E-04   0.0000000000000E+00   0.0000000000000E+00
   0.9000000000000E+01   0.4000000000000E+03  -0.2996671414765E-03  -0.2653652849221E-03   0.2080681353989E-03  -0.1211035661211E-19  -0.2261955107500E-16  -0.4759014506835E-04   0.0000000000000E+00   0.0000000000000E+00
   0.1000000000000E+02   0.3000000000000E+03  -0.5603531915279E-04  -0.4962115086459E-04   0.3890704971837E-04  -0.3806112078090E-20  -0.2964377416639E-17  -0.8898970221052E-05   0.0000000000000E+00   0.0000000000000E+00
   0.1100000000000E+02   0.2000000000000E+03   0.1875965032826E-03   0.1661229834772E-03  -0.1302540360658E-03  -0.2006859095720E-19   0.2996569339590E-16   0.2979220472452E-04   0.0000000000000E+00   0.0000000000000E+00
   0.1200000000000E+02   0.1000000000000E+03   0.4312283258071E-03   0.3818671172961E-03  -0.2994151218233E-03   0.2076061133504E-20   0.2820848065148E-17   0.6848337947335E-04   0.0000000000000E+00   0.0000000000000E+00
   0.1300000000000E+02   0.3000000000000E+02   0.6017706010680E-03   0.5328880114492E-03  -0.4178278818914E-03  -0.4844142644842E-20   0.4557652782612E-14   0.9556720210121E-04   0.0000000000000E+00   0.0000000000000E+00
