   0.1000000000000E+01   0.2657587173835E-07   0.6237998662319E-07  -0.1373700721106E-07
   0.2000000000000E+01  -0.2476590410248E-08  -0.4563596983418E-07  -0.1563108600788E-07
   0.3000000000000E+01  -0.3621389621579E-08   0.1232139776623E-07  -0.1333188320414E-07
   0.4000000000000E+01   0.2211818387272E-08   0.2052460355668E-07   0.9390059253168E-08
   0.5000000000000E+01   0.2190427037397E-08  -0.3492398645998E-11  -0.4952889814736E-08
   0.6000000000000E+01   0.2461783885196E-08  -0.3152235908473E-08   0.1330045097568E-08
   0.7000000000000E+01  -0.2447268338079E-08  -0.1896987542665E-08   0.1280044700300E-07
   0.8000000000000E+01  -0.4446483214441E-08   0.1124455634118E-07   0.4831236617732E-08
   0.9000000000000E+01  -0.4446483214441E-08   0.1124455634118E-07   0.4831236617732E-08
   0.1000000000000E+02   0.2461802072361E-08  -0.3152235908473E-08   0.1330045097568E-08
   0.1100000000000E+02   0.2211745627483E-08   0.2052460355668E-07   0.9390059253168E-08
   0.1200000000000E+02  -0.2476444912933E-08  -0.4556146381005E-07  -0.1563108600788E-07
   0.1300000000000E+02   0.2657587173835E-07   0.6237998662319E-07  -0.1373700721106E-07
