   0.1000000000000E+01   0.1463567470454E+03   0.1484040493992E+03   0.1504660208162E-08   0.1587328661862E-14   0.1062943300354E-15  -0.7076892372847E+00   0.4823060012891E+03   0.7545039596845E+03   0.5512448883057E+02   0.1703760646916E+03
   0.2000000000000E+01   0.1048791264706E+03   0.1063462216814E+03  -0.9476791884973E-08  -0.7483120834492E-15   0.1600492328851E-11  -0.5071295382147E+00   0.3456200856100E+03   0.5406769218651E+03   0.3950216293335E+02   0.1220913527231E+03
   0.3000000000000E+01   0.7525225456806E+02   0.7630491608556E+02   0.1916097675183E-08   0.1482587646303E-11   0.5951811056131E-12  -0.3638726054023E+00   0.2479872929292E+03   0.3879433307795E+03   0.2834336090088E+02   0.8760226719791E+02
   0.4000000000000E+01   0.4562538269690E+02   0.4626361052974E+02   0.7277374836486E-10   0.1814089899271E-15   0.8349674730673E-12  -0.2206156721291E+00   0.1503544998717E+03   0.2352097339720E+03   0.1718455696106E+02   0.5311318732953E+02
   0.5000000000000E+01   0.1599851080863E+02   0.1622230499924E+02   0.4997126920559E-09   0.7417926978737E-14   0.2893198795651E-15  -0.7735874256069E-01   0.5272170862541E+02   0.8247614193276E+02   0.6025753974915E+01   0.1862410445209E+02
   0.6000000000000E+01  -0.1362836106764E+02  -0.1381900054656E+02  -0.9887293818038E-09  -0.7405171659133E-13  -0.1427870336873E-12   0.6589818812413E-01   0.4491108499929E+02  -0.5133049488068E+01  -0.7025745296746E+02   0.1586497745244E+02
   0.7000000000000E+01  -0.4325523295055E+02  -0.4386030610852E+02   0.3818394480048E-09  -0.1245138017969E-10  -0.1853990310565E-11   0.2091551168761E+00   0.1425438782578E+03  -0.1629185295105E+02  -0.2229910469140E+03   0.5035406005892E+02
   0.8000000000000E+01  -0.7288210485235E+02  -0.7390161161722E+02  -0.4013874364740E-08  -0.3854941035950E-15   0.5780817138975E-14   0.3524120476260E+00   0.2401766696483E+03  -0.2745065689087E+02  -0.3757246360922E+03   0.8484314241505E+02
   0.9000000000000E+01  -0.7288210485235E+02  -0.7390161161722E+02  -0.4013874364740E-08  -0.3854941035950E-15   0.2931951936810E-15   0.3524120476260E+00   0.2401766696483E+03  -0.2745065689087E+02  -0.3757246360922E+03   0.8484314241505E+02
   0.1000000000000E+02  -0.1362836106764E+02  -0.1381900054656E+02  -0.9887288149008E-09  -0.7405171659133E-13  -0.1427870336873E-12   0.6589818812413E-01   0.4491108499929E+02  -0.5133049488068E+01  -0.7025745296746E+02   0.1586497745244E+02
   0.1100000000000E+02   0.4562538269690E+02   0.4626361052974E+02   0.7425377360918E-10   0.1814089899271E-15   0.8349674730673E-12  -0.2206156721291E+00   0.1503544998717E+03   0.2352097339720E+03   0.1718455696106E+02   0.5311318732953E+02
   0.1200000000000E+02   0.1048791264706E+03   0.1063462216814E+03  -0.9470857815504E-08  -0.7483120834492E-15   0.1600492328851E-11  -0.5071295382147E+00   0.3456200856100E+03   0.5406769218651E+03   0.3950216293335E+02   0.1220913527231E+03
   0.1300000000000E+02   0.1463567470454E+03   0.1484040493992E+03   0.1504660208162E-08   0.1587328661862E-14   0.1062943300354E-15  -0.7076892372847E+00   0.4823060012891E+03   0.7545039596845E+03   0.5512448883057E+02   0.1703760646916E+03
