   0.1000000000000E+01  -0.5250735242450E-02  -0.5210147075699E-02  -0.5259630799871E-02  -0.1479672516329E-02  -0.1274298831839E-02  -0.1176757208497E-02  -0.5250735242450E-02   0.4417187500000E+02   0.0000000000000E+00  -0.1183293814652E-02
   0.2000000000000E+01  -0.3762672623132E-02  -0.3733587175703E-02  -0.3769047172377E-02  -0.1060332127086E-02  -0.9131615110751E-03  -0.8432632627692E-03  -0.3762672623132E-02   0.1570312500000E+02   0.0000000000000E+00  -0.8479473894471E-03
   0.3000000000000E+01  -0.2699770752191E-02  -0.2678901532849E-02  -0.2704344581310E-02  -0.7608032776264E-03  -0.6552062819578E-03  -0.6050533015349E-03  -0.2699770752191E-02   0.1610937500000E+02   0.0000000000000E+00  -0.6084142285863E-03
   0.4000000000000E+01  -0.1636868881249E-02  -0.1624215889995E-02  -0.1639641990243E-02  -0.4612744281671E-03  -0.3972510528404E-03  -0.3668433403006E-03  -0.1636868881249E-02   0.1568750000000E+02   0.0000000000000E+00  -0.3688810677254E-03
   0.5000000000000E+01  -0.5739670103077E-03  -0.5695302471405E-03  -0.5749393991755E-03  -0.1617455787077E-03  -0.1392958237231E-03  -0.1286333790663E-03  -0.5739670103077E-03   0.1581250000000E+02   0.0000000000000E+00  -0.1293479068646E-03
   0.6000000000000E+01   0.4889348606338E-03   0.4851553957136E-03   0.4897631918916E-03   0.1377832707516E-03   0.1186594053942E-03   0.1095765821681E-03   0.4889348606338E-03   0.1582812500000E+02   0.0000000000000E+00   0.1101852539963E-03
   0.7000000000000E+01   0.1551836731575E-02   0.1539841038568E-02   0.1554465782959E-02   0.4373121202109E-03   0.3766146345116E-03   0.3477865434024E-03   0.1551836731575E-02   0.1596875000000E+02   0.0000000000000E+00   0.3497184148571E-03
   0.8000000000000E+01   0.2614738602517E-02   0.2594526681422E-02   0.2619168374026E-02   0.7368409696702E-03   0.6345698636289E-03   0.5859965046367E-03   0.2614738602517E-02   0.1523437500000E+02   0.0000000000000E+00   0.5892515757180E-03
   0.9000000000000E+01   0.2614738602517E-02   0.2594526681422E-02   0.2619168374026E-02   0.7368409696702E-03   0.6345698636289E-03   0.5859965046367E-03   0.2614738602517E-02   0.1457812500000E+02   0.0000000000000E+00   0.5892515757180E-03
   0.1000000000000E+02   0.4889348606338E-03   0.4851553957136E-03   0.4897631918916E-03   0.1377832707516E-03   0.1186594053942E-03   0.1095765821681E-03   0.4889348606338E-03   0.1503125000000E+02   0.0000000000000E+00   0.1101852539963E-03
   0.1100000000000E+02  -0.1636868881249E-02  -0.1624215889995E-02  -0.1639641990243E-02  -0.4612744281671E-03  -0.3972510528404E-03  -0.3668433403006E-03  -0.1636868881249E-02   0.1521875000000E+02   0.0000000000000E+00  -0.3688810677254E-03
   0.1200000000000E+02  -0.3762672623132E-02  -0.3733587175703E-02  -0.3769047172377E-02  -0.1060332127086E-02  -0.9131615110751E-03  -0.8432632627692E-03  -0.3762672623132E-02   0.1464062500000E+02   0.0000000000000E+00  -0.8479473894471E-03
   0.1300000000000E+02  -0.5250735242450E-02  -0.5210147075699E-02  -0.5259630799871E-02  -0.1479672516329E-02  -0.1274298831839E-02  -0.1176757208497E-02  -0.5250735242450E-02   0.1460937500000E+02   0.0000000000000E+00  -0.1183293814652E-02
