   0.1000000000000E+01   0.2453922016144E+03   0.6026370393372E+03   0.3747541209030E+03
   0.2000000000000E+01   0.1758478529167E+03   0.4318492151642E+03   0.2685484995651E+03
   0.3000000000000E+01   0.1261733179474E+03   0.3098579122162E+03   0.1926873414803E+03
   0.4000000000000E+01   0.7649878323555E+02   0.1878666076660E+03   0.1168261838341E+03
   0.5000000000000E+01   0.2682424876213E+02   0.6587530404091E+02   0.4096502534389E+02
   0.6000000000000E+01  -0.2285028596401E+02  -0.5611599982262E+02  -0.3489613268852E+02
   0.7000000000000E+01  -0.7252482086182E+02  -0.1781073035431E+03  -0.1107572907066E+03
   0.8000000000000E+01  -0.1221993553066E+03  -0.3000986066437E+03  -0.1866184493065E+03
   0.9000000000000E+01  -0.1221993553066E+03  -0.3000986066437E+03  -0.1866184493065E+03
   0.1000000000000E+02  -0.2285028596401E+02  -0.5611599982262E+02  -0.3489613268852E+02
   0.1100000000000E+02   0.7649878323555E+02   0.1878666076660E+03   0.1168261838341E+03
   0.1200000000000E+02   0.1758478529167E+03   0.4318492151642E+03   0.2685484995651E+03
   0.1300000000000E+02   0.2453922016144E+03   0.6026370393372E+03   0.3747541209030E+03
