   0.1000000000000E+01   0.2625066261121E+03   0.2575520244297E+03   0.5243506654352E+03   0.2403669116534E-14   0.1482292856694E-11   0.4390229016121E+01   0.7754256206232E+03   0.9164615173689E+03   0.1007675530910E+03   0.3554828770602E+03
   0.2000000000000E+01   0.1881120356534E+03   0.1845615721711E+03   0.3757492623969E+03  -0.1972822765457E-14   0.1484605821316E-11   0.3146034572479E+01   0.5556693739835E+03   0.6567355804693E+03   0.7220994496346E+02   0.2547387383203E+03
   0.3000000000000E+01   0.1349730425301E+03   0.1324255347710E+03   0.2696054029390E+03  -0.1292539053230E-14  -0.3628179798542E-15   0.2257324241392E+01   0.3987006231394E+03   0.4712170562923E+03   0.5181165492535E+02   0.1827786430688E+03
   0.4000000000000E+01   0.8183404940725E+02   0.8028949745889E+02   0.1634615435413E+03   0.5782411553926E-15  -0.2494373611497E-15   0.1368613900602E+01   0.2417318725760E+03   0.2856985397448E+03   0.3141336637735E+02   0.1108185488970E+03
   0.5000000000000E+01   0.2869505629313E+02   0.2815346015495E+02   0.5731768408542E+02  -0.3684870107894E-15  -0.4535224748177E-16   0.4799035780332E+00   0.8476312417441E+02   0.1001800060310E+03   0.1101507657766E+02   0.3885845207313E+02
   0.6000000000000E+01  -0.2444393684856E+02  -0.2398257718521E+02  -0.4882617535146E+02  -0.2919550931639E-15  -0.5794231483426E-12  -0.4088067511158E+00   0.7220562405235E+02  -0.9383213192225E+01  -0.8533852196064E+02   0.3310164421088E+02
   0.7000000000000E+01  -0.7758292994742E+02  -0.7611861449572E+02  -0.1549700347366E+03  -0.2040851136680E-15  -0.5669030935221E-16  -0.1297517082207E+01   0.2291743735031E+03  -0.2978150320053E+02  -0.2708570518597E+03   0.1050617389225E+03
   0.8000000000000E+01  -0.1307219230905E+03  -0.1282546517829E+03  -0.2611138942621E+03  -0.2902090316358E-12  -0.2964880502997E-11  -0.2186227405003E+01   0.3861431228012E+03  -0.5017979419231E+02  -0.4563755722220E+03   0.1770218288700E+03
   0.9000000000000E+01  -0.1307219230905E+03  -0.1282546517829E+03  -0.2611138942621E+03  -0.2902090316358E-12  -0.2964880502997E-11  -0.2186227405003E+01   0.3861431228012E+03  -0.5017979419231E+02  -0.4563755722220E+03   0.1770218288700E+03
   0.1000000000000E+02  -0.2444393684856E+02  -0.2398257718521E+02  -0.4882617535146E+02  -0.2919550931639E-15  -0.5794231483426E-12  -0.4088067511158E+00   0.7220562405235E+02  -0.9383213192225E+01  -0.8533852196064E+02   0.3310164421088E+02
   0.1100000000000E+02   0.8183404940725E+02   0.8028949745889E+02   0.1634615435413E+03   0.5782411553926E-15  -0.2494373611497E-15   0.1368613900602E+01   0.2417318725760E+03   0.2856985397448E+03   0.3141336637735E+02   0.1108185488970E+03
   0.1200000000000E+02   0.1881120356534E+03   0.1845615721711E+03   0.3757492623969E+03  -0.1972822765457E-14   0.1484605821316E-11   0.3146034572479E+01   0.5556693739835E+03   0.6567355804693E+03   0.7220994496346E+02   0.2547387383203E+03
   0.1300000000000E+02   0.2625066261121E+03   0.2575520244297E+03   0.5243506654352E+03   0.2403669116534E-14   0.1482292856694E-11   0.4390229016121E+01   0.7754256206232E+03   0.9164615173689E+03   0.1007675530910E+03   0.3554828770602E+03
