   0.1000000000000E+01  -0.2626838890291E-02  -0.2296742012618E-02  -0.2387244013783E-02  -0.5450506276421E-03  -0.1286039046531E-02  -0.1219978579066E-02  -0.2556800604201E-02   0.4865625000000E+02   0.0000000000000E+00  -0.1236337991180E-02
   0.2000000000000E+01  -0.1882390621787E-02  -0.1645843466532E-02  -0.1710697127285E-02  -0.3905828384317E-03  -0.9215745394166E-03  -0.8742356619214E-03  -0.1832201242687E-02   0.1737500000000E+02   0.0000000000000E+00  -0.8859588033960E-03
   0.3000000000000E+01  -0.1350641858570E-02  -0.1180915933613E-02  -0.1227449351216E-02  -0.2802487032815E-03  -0.6612427486209E-03  -0.6272764353899E-03  -0.1314630270176E-02   0.1785937500000E+02   0.0000000000000E+00  -0.6356879549789E-03
   0.4000000000000E+01  -0.8188930953535E-03  -0.7159884006943E-03  -0.7442015751465E-03  -0.1699145681312E-03  -0.4009109578251E-03  -0.3803172088583E-03  -0.7970592976657E-03   0.1790625000000E+02   0.0000000000000E+00  -0.3854171065619E-03
   0.5000000000000E+01  -0.2871443321367E-03  -0.2510608677757E-03  -0.2609537990771E-03  -0.5958043298095E-04  -0.1405791670294E-03  -0.1333579823268E-03  -0.2794883251552E-03   0.1767187500000E+02   0.0000000000000E+00  -0.1351462581449E-03
   0.6000000000000E+01   0.2446044310802E-03   0.2138666651430E-03   0.2222939769923E-03   0.5075370216930E-04   0.1197526237663E-03   0.1136012442048E-03   0.2380826473553E-03   0.1696875000000E+02   0.0000000000000E+00   0.1151245902721E-03
   0.7000000000000E+01   0.7763531942970E-03   0.6787941980617E-03   0.7055417530618E-03   0.1610878373196E-03   0.3800844145620E-03   0.3605604707364E-03   0.7556536198658E-03   0.1731250000000E+02   0.0000000000000E+00   0.3653954386891E-03
   0.8000000000000E+01   0.1308101957514E-02   0.1143721730980E-02   0.1188789529131E-02   0.2714219724698E-03   0.6404162053577E-03   0.6075196972679E-03   0.1273224592376E-02   0.1621875000000E+02   0.0000000000000E+00   0.6156662871062E-03
   0.9000000000000E+01   0.1308101957514E-02   0.1143721730980E-02   0.1188789529131E-02   0.2714219724698E-03   0.6404162053577E-03   0.6075196972679E-03   0.1273224592376E-02   0.1587500000000E+02   0.0000000000000E+00   0.6156662871062E-03
   0.1000000000000E+02   0.2446044310802E-03   0.2138666651430E-03   0.2222939769923E-03   0.5075370216930E-04   0.1197526237663E-03   0.1136012442048E-03   0.2380826473553E-03   0.1553125000000E+02   0.0000000000000E+00   0.1151245902721E-03
   0.1100000000000E+02  -0.8188930953535E-03  -0.7159884006943E-03  -0.7442015751465E-03  -0.1699145681312E-03  -0.4009109578251E-03  -0.3803172088583E-03  -0.7970592976657E-03   0.1554687500000E+02   0.0000000000000E+00  -0.3854171065619E-03
   0.1200000000000E+02  -0.1882390621787E-02  -0.1645843466532E-02  -0.1710697127285E-02  -0.3905828384317E-03  -0.9215745394166E-03  -0.8742356619214E-03  -0.1832201242687E-02   0.1573437500000E+02   0.0000000000000E+00  -0.8859588033960E-03
   0.1300000000000E+02  -0.2626838890291E-02  -0.2296742012618E-02  -0.2387244013783E-02  -0.5450506276421E-03  -0.1286039046531E-02  -0.1219978579066E-02  -0.2556800604201E-02   0.1539062500000E+02   0.0000000000000E+00  -0.1236337991180E-02
