   0.1000000000000E+01   0.3000000000000E+02   0.2274701864716E-03   0.2911567461906E-03   0.2021278991302E-02  -0.4446230927587E-19   0.1245636680102E-19  -0.6465206694844E-04   0.0000000000000E+00   0.0000000000000E+00
   0.2000000000000E+01   0.1000000000000E+03   0.1630049514527E-03   0.2086426886670E-03   0.1448446889191E-02  -0.8477249628474E-20   0.7958234345098E-20  -0.4632961884500E-04   0.0000000000000E+00   0.0000000000000E+00
   0.3000000000000E+01   0.1500000000000E+03   0.1169583549474E-03   0.1497040759138E-03   0.1039281100585E-02   0.1384040755669E-20  -0.5190152833760E-20  -0.3324215569048E-04   0.0000000000000E+00   0.0000000000000E+00
   0.4000000000000E+01   0.2000000000000E+03   0.7091175846314E-04   0.9076546345651E-04   0.6301153133509E-03   0.6993298430755E-18   0.4671137550384E-20  -0.2015469275634E-04   0.0000000000000E+00   0.0000000000000E+00
   0.5000000000000E+01   0.2500000000000E+03   0.2486516210239E-04   0.3182685080757E-04   0.2209495254675E-03  -0.2257478600681E-17   0.2941086605797E-20  -0.7067230001042E-05   0.0000000000000E+00   0.0000000000000E+00
   0.6000000000000E+01   0.3000000000000E+03  -0.2118143435617E-04  -0.2711176180357E-04  -0.1882162624213E-03   0.9147644369501E-20  -0.1211035661211E-20   0.6020232999368E-05   0.0000000000000E+00   0.0000000000000E+00
   0.7000000000000E+01   0.3500000000000E+03  -0.6722803080712E-04  -0.8605037447975E-04  -0.5973820503022E-03   0.4281876087852E-20  -0.5645848252564E-17   0.1910769596375E-04   0.0000000000000E+00   0.0000000000000E+00
   0.8000000000000E+01   0.4000000000000E+03  -0.1132746274149E-03  -0.1449889868818E-03  -0.1006547837469E-02   0.6401188494970E-20   0.1176434642319E-19   0.3219515898901E-04   0.0000000000000E+00   0.0000000000000E+00
   0.9000000000000E+01   0.4000000000000E+03  -0.1132746274149E-03  -0.1449889868818E-03  -0.1006547837469E-02   0.6401188494970E-20   0.1176434642319E-19   0.3219515898901E-04   0.0000000000000E+00   0.0000000000000E+00
   0.1000000000000E+02   0.3000000000000E+03  -0.2118143435617E-04  -0.2711176180357E-04  -0.1882162624213E-03   0.9147644369501E-20  -0.1211035661211E-20   0.6020232999368E-05   0.0000000000000E+00   0.0000000000000E+00
   0.1100000000000E+02   0.2000000000000E+03   0.7091175846314E-04   0.9076546345651E-04   0.6301153133509E-03   0.6993298430755E-18   0.4671137550384E-20  -0.2015469275634E-04   0.0000000000000E+00   0.0000000000000E+00
   0.1200000000000E+02   0.1000000000000E+03   0.1630049514527E-03   0.2086426886670E-03   0.1448446889191E-02  -0.8477249628474E-20   0.7958234345098E-20  -0.4632961884500E-04   0.0000000000000E+00   0.0000000000000E+00
   0.1300000000000E+02   0.3000000000000E+02   0.2274701864716E-03   0.2911567461906E-03   0.2021278991302E-02  -0.4446230927587E-19   0.1245636680102E-19  -0.6465206694844E-04   0.0000000000000E+00   0.0000000000000E+00
