   0.1000000000000E+01   0.3000000000000E+02   0.7399907212749E-03   0.4682657219663E-03  -0.5025963799958E-03   0.8188094693946E-04  -0.2206091028624E-03   0.3109499537156E-03   0.0000000000000E+00   0.0000000000000E+00
   0.2000000000000E+01   0.1000000000000E+03   0.5302767513674E-03   0.3355588374372E-03  -0.3601601591343E-03   0.5867582042868E-04  -0.1580883045837E-03   0.2228264848025E-03   0.0000000000000E+00   0.0000000000000E+00
   0.3000000000000E+01   0.1500000000000E+03   0.3804810589747E-03   0.2407682053587E-03  -0.2584200011885E-03   0.4210072981452E-04  -0.1134305913772E-03   0.1598811500787E-03   0.0000000000000E+00   0.0000000000000E+00
   0.4000000000000E+01   0.2000000000000E+03   0.2306853665011E-03   0.1459775733681E-03  -0.1566798431975E-03   0.2552563938318E-04  -0.6877287823706E-04   0.9693581539071E-04   0.0000000000000E+00   0.0000000000000E+00
   0.5000000000000E+01   0.2500000000000E+03   0.8088967396524E-04   0.5118694128801E-04  -0.5493968526208E-04   0.8950548905582E-05  -0.2411516510434E-04   0.3399048074025E-04   0.0000000000000E+00   0.0000000000000E+00
   0.6000000000000E+01   0.3000000000000E+03  -0.6890601858902E-04  -0.4360369071630E-04   0.4680047264753E-04  -0.7624541618032E-05   0.2054254802790E-04  -0.2895485394839E-04   0.0000000000000E+00   0.0000000000000E+00
   0.7000000000000E+01   0.3500000000000E+03  -0.2187017111569E-03  -0.1383943227137E-03   0.1485406305519E-03  -0.2419963217629E-04   0.6520026113974E-04  -0.9190018859661E-04   0.0000000000000E+00   0.0000000000000E+00
   0.8000000000000E+01   0.4000000000000E+03  -0.3684974035331E-03  -0.2331849547336E-03   0.2502807884726E-03  -0.4077472268999E-04   0.1098579743603E-03  -0.1548455234446E-03   0.0000000000000E+00   0.0000000000000E+00
   0.9000000000000E+01   0.4000000000000E+03  -0.3684974035331E-03  -0.2331849547336E-03   0.2502807884726E-03  -0.4077472268999E-04   0.1098579743603E-03  -0.1548455234446E-03   0.0000000000000E+00   0.0000000000000E+00
   0.1000000000000E+02   0.3000000000000E+03  -0.6890601858902E-04  -0.4360369071630E-04   0.4680047264753E-04  -0.7624541618032E-05   0.2054254802790E-04  -0.2895485394839E-04   0.0000000000000E+00   0.0000000000000E+00
   0.1100000000000E+02   0.2000000000000E+03   0.2306853665011E-03   0.1459775733681E-03  -0.1566798431975E-03   0.2552563938318E-04  -0.6877287823706E-04   0.9693581539071E-04   0.0000000000000E+00   0.0000000000000E+00
   0.1200000000000E+02   0.1000000000000E+03   0.5302767513674E-03   0.3355588374372E-03  -0.3601601591343E-03   0.5867582042868E-04  -0.1580883045837E-03   0.2228264848025E-03   0.0000000000000E+00   0.0000000000000E+00
   0.1300000000000E+02   0.3000000000000E+02   0.7399907212749E-03   0.4682657219663E-03  -0.5025963799958E-03   0.8188094693946E-04  -0.2206091028624E-03   0.3109499537156E-03   0.0000000000000E+00   0.0000000000000E+00
