   0.1000000000000E+01  -0.6443588090338E-08  -0.2119748359385E-07  -0.8000062138210E-08
   0.2000000000000E+01   0.1684529707757E-07   0.2103857701566E-07   0.1064501660559E-07
   0.3000000000000E+01  -0.4784669685522E-08  -0.1186301226083E-07  -0.4250324473034E-08
   0.4000000000000E+01  -0.2629240022722E-08  -0.1030522972005E-07   0.5256157742671E-09
   0.5000000000000E+01  -0.1486332615969E-08  -0.2386514086461E-08   0.6304762748560E-08
   0.6000000000000E+01  -0.2104934536816E-08   0.4465255186268E-08   0.5936308350325E-08
   0.7000000000000E+01  -0.4420871858074E-08  -0.1984008116966E-08   0.5087931814490E-08
   0.8000000000000E+01  -0.1417938618843E-07   0.2462649712598E-07   0.1103617304832E-07
   0.9000000000000E+01  -0.1417938618843E-07   0.2462649712598E-07   0.1103617304832E-07
   0.1000000000000E+02  -0.2104934536816E-08   0.4465255186268E-08   0.5936308350325E-08
   0.1100000000000E+02  -0.2629240022722E-08  -0.1030522972005E-07   0.5256157742671E-09
   0.1200000000000E+02   0.1683598386922E-07   0.2103857701566E-07   0.1064501660559E-07
   0.1300000000000E+02  -0.6438931463900E-08  -0.2119748359385E-07  -0.8000062138210E-08
