   0.1000000000000E+01   0.1393521969798E+03   0.1508152208439E+03  -0.1365629949437E-07  -0.1377267221445E+01   0.1063139681907E+01  -0.1609667172516E+01   0.5129172100277E+03   0.7377980728430E+03   0.5807909488678E+02   0.1770113371914E+03
   0.2000000000000E+01   0.9985967154232E+02   0.1080740651412E+03  -0.6366577731014E-08  -0.9869485682831E+00   0.7618450317430E+00  -0.1153486193688E+01   0.3675560608223E+03   0.5287055015765E+03   0.4161943340302E+02   0.1268461789153E+03
   0.3000000000000E+01   0.7165072476895E+02   0.7754466819035E+02   0.2056681439288E-08  -0.7081495460697E+00   0.5466345735020E+00  -0.8276426385030E+00   0.2637266664404E+03   0.3793536682273E+03   0.2986253118515E+02   0.9101392877243E+02
   0.4000000000000E+01   0.4344177798826E+02   0.4701527126596E+02   0.2522979548683E-09  -0.4293505148160E+00   0.3314241103415E+00  -0.5017990777642E+00   0.1598972692136E+03   0.2300018291561E+03   0.1810562849045E+02   0.5518167229866E+02
   0.5000000000000E+01   0.1523283125242E+02   0.1648587434735E+02   0.4247785334006E-09  -0.1505514784918E+00   0.1162136495825E+00  -0.1759555210738E+00   0.5606787340317E+02   0.8064999342272E+02   0.6348726987839E+01   0.1934941748245E+02
   0.6000000000000E+01  -0.1297611550768E+02  -0.1404352258924E+02   0.5056488930810E-09   0.1282475561755E+00  -0.9899681224563E-01   0.1498880366288E+00   0.4776152237023E+02  -0.5408174872398E+01  -0.6870184517168E+02   0.1648283748344E+02
   0.7000000000000E+01  -0.4118506227023E+02  -0.4457291952361E+02  -0.1240454735140E-08   0.4070465902898E+00  -0.3142072744507E+00   0.4757315949427E+00   0.1515909176759E+03  -0.1716507625580E+02  -0.2180536804282E+03   0.5231509109112E+02
   0.8000000000000E+01  -0.6939400902448E+02  -0.7510231647191E+02   0.4155639188531E-08   0.6858456276473E+00  -0.5294177388364E+00   0.8015751515713E+00   0.2554203132092E+03  -0.2892197847366E+02  -0.3674055175921E+03   0.8814734726553E+02
   0.9000000000000E+01  -0.6939400902448E+02  -0.7510231647191E+02   0.4155639188531E-08   0.6858456276473E+00  -0.5294177388364E+00   0.8015751515713E+00   0.2554203132092E+03  -0.2892197847366E+02  -0.3674055175921E+03   0.8814734726553E+02
   0.1000000000000E+02  -0.1297611550768E+02  -0.1404352258924E+02   0.5056488930810E-09   0.1282475561755E+00  -0.9899681224563E-01   0.1498880366288E+00   0.4776152237023E+02  -0.5408174872398E+01  -0.6870184517168E+02   0.1648283748344E+02
   0.1100000000000E+02   0.4344177798826E+02   0.4701527126596E+02   0.2522979548683E-09  -0.4293505148160E+00   0.3314241103415E+00  -0.5017990777642E+00   0.1598972692136E+03   0.2300018291561E+03   0.1810562849045E+02   0.5518167229866E+02
   0.1200000000000E+02   0.9985967154232E+02   0.1080740651412E+03  -0.6359462507611E-08  -0.9869485682831E+00   0.7618450317430E+00  -0.1153486193688E+01   0.3675560608223E+03   0.5287055015765E+03   0.4161943340302E+02   0.1268461789153E+03
   0.1300000000000E+02   0.1393521969798E+03   0.1508152208439E+03  -0.1365615128322E-07  -0.1377267221445E+01   0.1063139681907E+01  -0.1609667172516E+01   0.5129172100277E+03   0.7377980728430E+03   0.5807909488678E+02   0.1770113371914E+03
