   0.1000000000000E+01  -0.5326571505309E-02  -0.5241195636426E-02  -0.5327914783292E-02  -0.1471038246163E-02  -0.1274628564365E-02  -0.1176941982877E-02  -0.5326571505309E-02   0.4079687500000E+02   0.0000000000000E+00  -0.1183486014429E-02
   0.2000000000000E+01  -0.3817016827691E-02  -0.3755836549179E-02  -0.3817979419606E-02  -0.1054144816076E-02  -0.9133977971359E-03  -0.8433956719404E-03  -0.3817016827691E-02   0.1437500000000E+02   0.0000000000000E+00  -0.8480851196516E-03
   0.3000000000000E+01  -0.2738763486535E-02  -0.2694865772575E-02  -0.2739454159830E-02  -0.7563637945856E-03  -0.6553758205438E-03  -0.6051483069854E-03  -0.2738763486535E-02   0.1389062500000E+02   0.0000000000000E+00  -0.6085130519533E-03
   0.4000000000000E+01  -0.1660510145379E-02  -0.1633894995970E-02  -0.1660928900054E-02  -0.4585827730951E-03  -0.3973538439516E-03  -0.3669009420304E-03  -0.1660510145379E-02   0.1376562500000E+02   0.0000000000000E+00  -0.3689409842551E-03
   0.5000000000000E+01  -0.5822568042234E-03  -0.5729242193657E-03  -0.5824036402782E-03  -0.1608017516046E-03  -0.1393318673595E-03  -0.1286535770754E-03  -0.5822568042234E-03   0.1334375000000E+02   0.0000000000000E+00  -0.1293689165568E-03
   0.6000000000000E+01   0.4959965369324E-03   0.4880465572388E-03   0.4961216194976E-03   0.1369792698859E-03   0.1186901092326E-03   0.1095937878796E-03   0.4959965369324E-03   0.1367187500000E+02   0.0000000000000E+00   0.1102031511415E-03
   0.7000000000000E+01   0.1574249878088E-02   0.1549017333843E-02   0.1574646879273E-02   0.4347602913764E-03   0.3767120858248E-03   0.3478411528346E-03   0.1574249878088E-02   0.1375000000000E+02   0.0000000000000E+00   0.3497752188398E-03
   0.8000000000000E+01   0.2652503219244E-02   0.2609988110448E-02   0.2653172139049E-02   0.7325413128669E-03   0.6347340624169E-03   0.5860885177896E-03   0.2652503219244E-02   0.1375000000000E+02   0.0000000000000E+00   0.5893472865380E-03
   0.9000000000000E+01   0.2652503219244E-02   0.2609988110448E-02   0.2653172139049E-02   0.7325413128669E-03   0.6347340624169E-03   0.5860885177896E-03   0.2652503219244E-02   0.1434375000000E+02   0.0000000000000E+00   0.5893472865380E-03
   0.1000000000000E+02   0.4959965369324E-03   0.4880465572388E-03   0.4961216194976E-03   0.1369792698859E-03   0.1186901092326E-03   0.1095937878796E-03   0.4959965369324E-03   0.1443750000000E+02   0.0000000000000E+00   0.1102031511415E-03
   0.1100000000000E+02  -0.1660510145379E-02  -0.1633894995970E-02  -0.1660928900054E-02  -0.4585827730951E-03  -0.3973538439516E-03  -0.3669009420304E-03  -0.1660510145379E-02   0.1400000000000E+02   0.0000000000000E+00  -0.3689409842551E-03
   0.1200000000000E+02  -0.3817016827691E-02  -0.3755836549179E-02  -0.3817979419606E-02  -0.1054144816076E-02  -0.9133977971359E-03  -0.8433956719404E-03  -0.3817016827691E-02   0.1379687500000E+02   0.0000000000000E+00  -0.8480851196516E-03
   0.1300000000000E+02  -0.5326571505309E-02  -0.5241195636426E-02  -0.5327914783292E-02  -0.1471038246163E-02  -0.1274628564365E-02  -0.1176941982877E-02  -0.5326571505309E-02   0.1431250000000E+02   0.0000000000000E+00  -0.1183486014429E-02
