   0.1000000000000E+01  -0.2602115285023E-07  -0.4112720493064E-07  -0.1803040663621E-07
   0.2000000000000E+01  -0.1266598673651E-08  -0.7182359725709E-07   0.4671048410027E-07
   0.3000000000000E+01   0.8642673514693E-08   0.1093372705604E-07  -0.7199123530578E-07
   0.4000000000000E+01   0.7264316084783E-08  -0.4768371724501E-08   0.1518521598537E-07
   0.5000000000000E+01   0.2821907396215E-08   0.9038485570226E-08  -0.3105378450994E-08
   0.6000000000000E+01  -0.2488959579790E-08   0.4065223080771E-08   0.5392939555067E-08
   0.7000000000000E+01   0.2542510611309E-08   0.1011416299893E-07   0.1650303592479E-07
   0.8000000000000E+01  -0.1033768066310E-07  -0.1622363916855E-07   0.7082705305163E-08
   0.9000000000000E+01  -0.1033768066310E-07  -0.1622363916855E-07   0.7082705305163E-08
   0.1000000000000E+02  -0.2488959579790E-08   0.4065223080771E-08   0.5392939555067E-08
   0.1100000000000E+02   0.7264316084783E-08  -0.4768371724501E-08   0.1518521598537E-07
   0.1200000000000E+02  -0.1266598673651E-08  -0.7182359725709E-07   0.4671048410027E-07
   0.1300000000000E+02  -0.2602115285023E-07  -0.4112720493064E-07  -0.1803040663621E-07
