   0.1000000000000E+01   0.3000000000000E+02   0.7642197921944E-03   0.4428695786871E-03  -0.5008470690371E-03  -0.1447545389682E-14   0.7068521045826E-16   0.3056269973354E-03   0.0000000000000E+00   0.0000000000000E+00
   0.2000000000000E+01   0.1000000000000E+03   0.5476392845057E-03   0.3173599821497E-03  -0.3589066040497E-03   0.5536163022677E-20   0.1457919121156E-15   0.2190120588493E-03   0.0000000000000E+00   0.0000000000000E+00
   0.3000000000000E+01   0.1500000000000E+03   0.3929389217047E-03   0.2277102693457E-03  -0.2575205577577E-03   0.4498132455925E-20   0.1131081356807E-16   0.1571442454848E-03   0.0000000000000E+00   0.0000000000000E+00
   0.4000000000000E+01   0.2000000000000E+03   0.2382385588757E-03   0.1380605569084E-03  -0.1561345114670E-03  -0.6920203778346E-21  -0.7785229250639E-21   0.9527643237948E-04   0.0000000000000E+00   0.0000000000000E+00
   0.5000000000000E+01   0.2500000000000E+03   0.8353819596872E-04   0.4841084467222E-04  -0.5474846503992E-04   0.6920203778346E-21   0.7062716724907E-18   0.3340861914783E-04   0.0000000000000E+00   0.0000000000000E+00
   0.6000000000000E+01   0.3000000000000E+03  -0.7116216686399E-04  -0.4123886768952E-04   0.4663758135170E-04  -0.2854584058568E-20  -0.5484261494339E-19  -0.2845919409465E-04   0.0000000000000E+00   0.0000000000000E+00
   0.7000000000000E+01   0.3500000000000E+03  -0.2258625298284E-03  -0.1308885802040E-03   0.1480236276003E-03   0.6228183400512E-20  -0.2827154100841E-16  -0.9032700732047E-04   0.0000000000000E+00   0.0000000000000E+00
   0.8000000000000E+01   0.4000000000000E+03  -0.3805628927423E-03  -0.2205382924819E-03   0.2494096740307E-03   0.6920203778346E-21  -0.1443636945091E-14  -0.1521948205993E-03   0.0000000000000E+00   0.0000000000000E+00
   0.9000000000000E+01   0.4000000000000E+03  -0.3805628927423E-03  -0.2205382924819E-03   0.2494096740307E-03   0.6920203778346E-21  -0.1443636945091E-14  -0.1521948205993E-03   0.0000000000000E+00   0.0000000000000E+00
   0.1000000000000E+02   0.3000000000000E+03  -0.7116216686399E-04  -0.4123886768952E-04   0.4663758135170E-04  -0.2854584058568E-20  -0.5484261494339E-19  -0.2845919409465E-04   0.0000000000000E+00   0.0000000000000E+00
   0.1100000000000E+02   0.2000000000000E+03   0.2382385588757E-03   0.1380605569084E-03  -0.1561345114670E-03  -0.6920203778346E-21  -0.7785229250639E-21   0.9527643237948E-04   0.0000000000000E+00   0.0000000000000E+00
   0.1200000000000E+02   0.1000000000000E+03   0.5476392845057E-03   0.3173599821497E-03  -0.3589066040497E-03   0.5536163022677E-20   0.1413740540235E-15   0.2190120588493E-03   0.0000000000000E+00   0.0000000000000E+00
   0.1300000000000E+02   0.3000000000000E+02   0.7642197921944E-03   0.4428695786871E-03  -0.5008470690371E-03  -0.1447545389682E-14   0.7068521045826E-16   0.3056269973354E-03   0.0000000000000E+00   0.0000000000000E+00
