   0.1000000000000E+01  -0.5325827080636E-02  -0.5238942769922E-02  -0.5326529932799E-02  -0.1470919360841E-02  -0.1274468215305E-02  -0.1176866276329E-02  -0.5325827080636E-02   0.3956250000000E+02   0.0000000000000E+00  -0.1183490696265E-02
   0.2000000000000E+01  -0.3816483373573E-02  -0.3754222146867E-02  -0.3816987036864E-02  -0.1054059622951E-02  -0.9132828911293E-03  -0.8433414206892E-03  -0.3816483373573E-02   0.1454687500000E+02   0.0000000000000E+00  -0.8480884746513E-03
   0.3000000000000E+01  -0.2738380725671E-02  -0.2693707416113E-02  -0.2738742111196E-02  -0.7563026673148E-03  -0.6552933738611E-03  -0.6051093809464E-03  -0.2738380725671E-02   0.1490625000000E+02   0.0000000000000E+00  -0.6085154592130E-03
   0.4000000000000E+01  -0.1660278077768E-02  -0.1633192685360E-02  -0.1660497185528E-02  -0.4585457116789E-03  -0.3973038565928E-03  -0.3668773412036E-03  -0.1660278077768E-02   0.1414062500000E+02   0.0000000000000E+00  -0.3689424437747E-03
   0.5000000000000E+01  -0.5821754298664E-03  -0.5726779546062E-03  -0.5822522598599E-03  -0.1607887560431E-03  -0.1393143393246E-03  -0.1286453014608E-03  -0.5821754298664E-03   0.1450000000000E+02   0.0000000000000E+00  -0.1293694283364E-03
   0.6000000000000E+01   0.4959272180357E-03   0.4878367761474E-03   0.4959926658080E-03   0.1369681995928E-03   0.1186751779436E-03   0.1095867382820E-03   0.4959272180357E-03   0.1426562500000E+02   0.0000000000000E+00   0.1102035871019E-03
   0.7000000000000E+01   0.1574029865938E-02   0.1548351506901E-02   0.1574237591476E-02   0.4347251552286E-03   0.3766646952119E-03   0.3478187780248E-03   0.1574029865938E-02   0.1475000000000E+02   0.0000000000000E+00   0.3497766025402E-03
   0.8000000000000E+01   0.2652132513840E-02   0.2608866237654E-02   0.2652482517144E-02   0.7324821108645E-03   0.6346542124801E-03   0.5860508177676E-03   0.2652132513840E-02   0.1434375000000E+02   0.0000000000000E+00   0.5893496179785E-03
   0.9000000000000E+01   0.2652132513840E-02   0.2608866237654E-02   0.2652482517144E-02   0.7324821108645E-03   0.6346542124801E-03   0.5860508177676E-03   0.2652132513840E-02   0.1356250000000E+02   0.0000000000000E+00   0.5893496179785E-03
   0.1000000000000E+02   0.4959272180357E-03   0.4878367761474E-03   0.4959926658080E-03   0.1369681995928E-03   0.1186751779436E-03   0.1095867382820E-03   0.4959272180357E-03   0.1385937500000E+02   0.0000000000000E+00   0.1102035871019E-03
   0.1100000000000E+02  -0.1660278077768E-02  -0.1633192685360E-02  -0.1660497185528E-02  -0.4585457116789E-03  -0.3973038565928E-03  -0.3668773412036E-03  -0.1660278077768E-02   0.1375000000000E+02   0.0000000000000E+00  -0.3689424437747E-03
   0.1200000000000E+02  -0.3816483373573E-02  -0.3754222146867E-02  -0.3816987036864E-02  -0.1054059622951E-02  -0.9132828911293E-03  -0.8433414206892E-03  -0.3816483373573E-02   0.1457812500000E+02   0.0000000000000E+00  -0.8480884746513E-03
   0.1300000000000E+02  -0.5325827080636E-02  -0.5238942769922E-02  -0.5326529932799E-02  -0.1470919360841E-02  -0.1274468215305E-02  -0.1176866276329E-02  -0.5325827080636E-02   0.1400000000000E+02   0.0000000000000E+00  -0.1183490696265E-02
