   0.1000000000000E+01   0.1383451417366E+03   0.1520616930468E+03  -0.1810349414269E-07   0.1889601391328E-12   0.5188183731296E-11  -0.1576228968893E+01   0.4891530247774E+03   0.7288858681002E+03   0.5762959671021E+02   0.1732237767599E+03
   0.2000000000000E+01   0.9913801659932E+02   0.1089672860695E+03  -0.8929868406614E-09   0.4535224748177E-16   0.2290819969480E-13  -0.1129524403777E+01   0.3505266607630E+03   0.5223190422257E+03   0.4129732322693E+02   0.1241320218575E+03
   0.3000000000000E+01   0.7113292715029E+02   0.7818556681297E+02  -0.1196420814849E-07   0.7483120834492E-15   0.5906237805021E-12  -0.8104497121958E+00   0.2515078320018E+03   0.3747712879324E+03   0.2963141250610E+02   0.8906647613981E+02
   0.4000000000000E+01   0.4312783771587E+02   0.4740384761701E+02   0.5514415052877E-08  -0.1360567424453E-15   0.8191741197848E-10  -0.4913750238724E+00   0.1524889982085E+03   0.2272235336390E+03   0.1796550273895E+02   0.5400093365191E+02
   0.5000000000000E+01   0.1512274828841E+02   0.1662212838273E+02  -0.3740798095570E-09   0.1700709280566E-16   0.2371750390771E-11  -0.1723003316777E+00   0.5347016861786E+02   0.7967578363722E+02   0.6299591541290E+01   0.1893539309283E+02
   0.6000000000000E+01  -0.1288234113393E+02  -0.1415959083715E+02  -0.1464487120288E-08  -0.1870780208623E-15   0.4826703731321E-16   0.1467743568113E+00   0.4554866230097E+02  -0.5366318702698E+01  -0.6787196493407E+02   0.1613014958772E+02
   0.7000000000000E+01  -0.4088743057580E+02  -0.4494131004748E+02   0.3422900142106E-08  -0.9070449496354E-16  -0.2663803230429E-12   0.4658490478033E+00   0.1445674936915E+03  -0.1703222942352E+02  -0.2154197139822E+03   0.5119569101489E+02
   0.8000000000000E+01  -0.6889251994575E+02  -0.7572302930790E+02   0.3043855149362E-08  -0.6689456503561E-15  -0.5929422990024E-11   0.7849237344092E+00   0.2435863261221E+03  -0.2869814014435E+02  -0.3629674720902E+03   0.8626123282736E+02
   0.9000000000000E+01  -0.6889251994575E+02  -0.7572302930790E+02   0.3043855149362E-08  -0.6689456503561E-15  -0.5929422990024E-11   0.7849237344091E+00   0.2435863261221E+03  -0.2869814014435E+02  -0.3629674720902E+03   0.8626123282736E+02
   0.1000000000000E+02  -0.1288234113393E+02  -0.1415959083715E+02  -0.1464487256345E-08  -0.1870780208623E-15   0.4826703731321E-16   0.1467743568113E+00   0.4554866230097E+02  -0.5366318702698E+01  -0.6787196493407E+02   0.1613014958772E+02
   0.1100000000000E+02   0.4312783771587E+02   0.4740384761701E+02   0.5514415052877E-08  -0.1360567424453E-15   0.8191741197848E-10  -0.4913750238724E+00   0.1524889982085E+03   0.2272235336390E+03   0.1796550273895E+02   0.5400093365191E+02
   0.1200000000000E+02   0.9913801659932E+02   0.1089672860695E+03  -0.8929868406614E-09   0.4535224748177E-16   0.2290819969480E-13  -0.1129524403777E+01   0.3505266607630E+03   0.5223190422257E+03   0.4129732322693E+02   0.1241320218575E+03
   0.1300000000000E+02   0.1383451417366E+03   0.1520616930468E+03  -0.1810349414269E-07   0.1889601391328E-12   0.5188183731296E-11  -0.1576228968893E+01   0.4891530247774E+03   0.7288858681002E+03   0.5762959671021E+02   0.1732237767599E+03
