   0.1000000000000E+01  -0.6059702773720E-03  -0.9328729353909E-03  -0.6337586699149E-03  -0.6202528870001E-03  -0.6148504405649E-03  -0.6081482827808E-03
   0.2000000000000E+01  -0.4342378099201E-03  -0.6684959900439E-03  -0.4541509498925E-03  -0.4444727168396E-03  -0.4406013281650E-03  -0.4357985668781E-03
   0.3000000000000E+01  -0.3115717614525E-03  -0.4796553152924E-03  -0.3258597209807E-03  -0.3189154521414E-03  -0.3161376759983E-03  -0.3126916269506E-03
   0.4000000000000E+01  -0.1889057139531E-03  -0.2908146399254E-03  -0.1975684923790E-03  -0.1933581875245E-03  -0.1916740241589E-03  -0.1895846873170E-03
   0.5000000000000E+01  -0.6623966590360E-04  -0.1019739645971E-03  -0.6927726352648E-04  -0.6780092286157E-04  -0.6721037208351E-04  -0.6647774744863E-04
   0.6000000000000E+01   0.5642638214263E-04   0.8686671058891E-04   0.5901396519559E-04   0.5775634171363E-04   0.5725327991254E-04   0.5662919233192E-04
   0.7000000000000E+01   0.1790924304133E-03   0.2757073858190E-03   0.1873051940442E-03   0.1833136063485E-03   0.1817169319042E-03   0.1797361322292E-03
   0.8000000000000E+01   0.3017584776115E-03   0.4645480612027E-03   0.3155964228752E-03   0.3088708711091E-03   0.3061805837576E-03   0.3028430716060E-03
   0.9000000000000E+01   0.3017584776115E-03   0.4645480612027E-03   0.3155964228752E-03   0.3088708711091E-03   0.3061805837576E-03   0.3028430716060E-03
   0.1000000000000E+02   0.5642638214263E-04   0.8686671058891E-04   0.5901396519559E-04   0.5775634171363E-04   0.5725327991254E-04   0.5662919233192E-04
   0.1100000000000E+02  -0.1889057139531E-03  -0.2908146399254E-03  -0.1975684923790E-03  -0.1933581875245E-03  -0.1916740241589E-03  -0.1895846873170E-03
   0.1200000000000E+02  -0.4342378099201E-03  -0.6684959900439E-03  -0.4541509498925E-03  -0.4444727168396E-03  -0.4406013281650E-03  -0.4357985668781E-03
   0.1300000000000E+02  -0.6059702773720E-03  -0.9328729353909E-03  -0.6337586699149E-03  -0.6202528870001E-03  -0.6148504405649E-03  -0.6081482827808E-03
