   0.1000000000000E+01   0.3000000000000E+02   0.6233150273828E-03   0.5464965201033E-03  -0.4310861503932E-03   0.5088760175310E-16  -0.2451964804897E-16   0.1089516992068E-03   0.0000000000000E+00   0.0000000000000E+00
   0.2000000000000E+01   0.1000000000000E+03   0.4466670442210E-03   0.3916189637141E-03  -0.3089159863783E-03   0.2116981188560E-16   0.2117591200240E-15   0.7807469947472E-04   0.0000000000000E+00   0.0000000000000E+00
   0.3000000000000E+01   0.1500000000000E+03   0.3204899130108E-03   0.2809921378924E-03  -0.2216515834058E-03  -0.1399165970208E-16  -0.1925954900169E-17   0.5601969961978E-04   0.0000000000000E+00   0.0000000000000E+00
   0.4000000000000E+01   0.2000000000000E+03   0.1943127820616E-03   0.1703653119490E-03  -0.1343871805210E-03   0.2531811952206E-16  -0.8644161492353E-17   0.3396469977337E-04   0.0000000000000E+00   0.0000000000000E+00
   0.5000000000000E+01   0.2500000000000E+03   0.6813565081411E-04   0.5973848600647E-04  -0.4712277754697E-04  -0.1249830671130E-17  -0.1982099370591E-17   0.1190969991694E-04   0.0000000000000E+00   0.0000000000000E+00
   0.6000000000000E+01   0.3000000000000E+03  -0.5804148036016E-04  -0.5088833991397E-04   0.4014162531587E-04   0.2767363526330E-18  -0.3796274479785E-17  -0.1014529992812E-04   0.0000000000000E+00   0.0000000000000E+00
   0.7000000000000E+01   0.3500000000000E+03  -0.1842186115719E-03  -0.1615151658507E-03   0.1274060282538E-03  -0.1395913980720E-16   0.5412641731204E-17  -0.3220029975425E-04   0.0000000000000E+00   0.0000000000000E+00
   0.8000000000000E+01   0.4000000000000E+03  -0.3103957424587E-03  -0.2721419918636E-03   0.2146704311897E-03  -0.3917255598671E-18   0.8355006723723E-18  -0.5425529959973E-04   0.0000000000000E+00   0.0000000000000E+00
   0.9000000000000E+01   0.4000000000000E+03  -0.3103957424587E-03  -0.2721419918636E-03   0.2146704311897E-03  -0.7414060940537E-16  -0.2683464574734E-16  -0.5425529959973E-04   0.0000000000000E+00   0.0000000000000E+00
   0.1000000000000E+02   0.3000000000000E+03  -0.5804148036016E-04  -0.5088833991397E-04   0.4014162531587E-04   0.2767363526330E-18  -0.3770466027328E-17  -0.1014529992812E-04   0.0000000000000E+00   0.0000000000000E+00
   0.1100000000000E+02   0.2000000000000E+03   0.1943127820616E-03   0.1703653119490E-03  -0.1343871805210E-03   0.2320105189040E-16  -0.9049254613474E-17   0.3396469977337E-04   0.0000000000000E+00   0.0000000000000E+00
   0.1200000000000E+02   0.1000000000000E+03   0.4466670442210E-03   0.3916189637141E-03  -0.3089159863783E-03   0.1811251992488E-16   0.2175821486519E-15   0.7807469947472E-04   0.0000000000000E+00   0.0000000000000E+00
   0.1300000000000E+02   0.3000000000000E+02   0.6233150273828E-03   0.5464965201033E-03  -0.4310861503932E-03   0.5096040759111E-16  -0.2897942055419E-16   0.1089516992068E-03   0.0000000000000E+00   0.0000000000000E+00
