   0.1000000000000E+01  -0.5252367490555E-02  -0.5234673599654E-02  -0.5252163882609E-02  -0.1454976885404E-02  -0.1276396190225E-02  -0.1177812623323E-02  -0.5252367490555E-02   0.4504687500000E+02   0.0000000000000E+00  -0.1182938513144E-02
   0.2000000000000E+01  -0.3763842290802E-02  -0.3751162862910E-02  -0.3763696385513E-02  -0.1042635257962E-02  -0.9146644763959E-03  -0.8440195721789E-03  -0.3763842290802E-02   0.1628125000000E+02   0.0000000000000E+00  -0.8476927806740E-03
   0.3000000000000E+01  -0.2700610005265E-02  -0.2691512336664E-02  -0.2700505316159E-02  -0.7481055240741E-03  -0.6562846808038E-03  -0.6055959642187E-03  -0.2700610005265E-02   0.1735937500000E+02   0.0000000000000E+00  -0.6082315431954E-03
   0.4000000000000E+01  -0.1637377719727E-02  -0.1631861810418E-02  -0.1637314246805E-02  -0.4535757901866E-03  -0.3979048852116E-03  -0.3671723562585E-03  -0.1637377719727E-02   0.1664062500000E+02   0.0000000000000E+00  -0.3687703057168E-03
   0.5000000000000E+01  -0.5741454341895E-03  -0.5722112841721E-03  -0.5741231774505E-03  -0.1590460562990E-03  -0.1395250896195E-03  -0.1287487482982E-03  -0.5741454341895E-03   0.1678125000000E+02   0.0000000000000E+00  -0.1293090682382E-03
   0.6000000000000E+01   0.4890868513480E-03   0.4874392420739E-03   0.4890678919037E-03   0.1354836775886E-03   0.1188547059726E-03   0.1096748596620E-03   0.4890868513480E-03   0.1635937500000E+02   0.0000000000000E+00   0.1101521692404E-03
   0.7000000000000E+01   0.1552319136886E-02   0.1547089768320E-02   0.1552258961258E-02   0.4300134114761E-03   0.3772345015648E-03   0.3480984676222E-03   0.1552319136886E-02   0.1540625000000E+02   0.0000000000000E+00   0.3496134067191E-03
   0.8000000000000E+01   0.2615551422423E-02   0.2606740294566E-02   0.2615450030612E-02   0.7245431453637E-03   0.6356142971569E-03   0.5865220755824E-03   0.2615551422423E-02   0.1531250000000E+02   0.0000000000000E+00   0.5890746441977E-03
   0.9000000000000E+01   0.2615551422423E-02   0.2606740294566E-02   0.2615450030612E-02   0.7245431453637E-03   0.6356142971569E-03   0.5865220755824E-03   0.2615551422423E-02   0.1548437500000E+02   0.0000000000000E+00   0.5890746441977E-03
   0.1000000000000E+02   0.4890868513480E-03   0.4874392420739E-03   0.4890678919037E-03   0.1354836775886E-03   0.1188547059726E-03   0.1096748596620E-03   0.4890868513480E-03   0.1514062500000E+02   0.0000000000000E+00   0.1101521692404E-03
   0.1100000000000E+02  -0.1637377719727E-02  -0.1631861810418E-02  -0.1637314246805E-02  -0.4535757901866E-03  -0.3979048852116E-03  -0.3671723562585E-03  -0.1637377719727E-02   0.1518750000000E+02   0.0000000000000E+00  -0.3687703057168E-03
   0.1200000000000E+02  -0.3763842290802E-02  -0.3751162862910E-02  -0.3763696385513E-02  -0.1042635257962E-02  -0.9146644763959E-03  -0.8440195721789E-03  -0.3763842290802E-02   0.1643750000000E+02   0.0000000000000E+00  -0.8476927806740E-03
   0.1300000000000E+02  -0.5252367490555E-02  -0.5234673599654E-02  -0.5252163882609E-02  -0.1454976885404E-02  -0.1276396190225E-02  -0.1177812623323E-02  -0.5252367490555E-02   0.1654687500000E+02   0.0000000000000E+00  -0.1182938513144E-02
