   0.1000000000000E+01   0.1509006199522E+03   0.1528900268986E+03  -0.2676321258078E-01  -0.1761118287442E-12   0.7026857978639E-13  -0.4232520947346E+00   0.3733689560590E+03   0.4611424865723E+03   0.1330601323453E+03   0.7126298627131E+02
   0.2000000000000E+01   0.1081352620960E+03   0.1095608693861E+03  -0.1917849561711E-01   0.4603330171440E-12   0.5511273303656E-11  -0.3033021057201E+00   0.2675558927413E+03   0.3304543457031E+03   0.9535078122726E+02   0.5106699840927E+02
   0.3000000000000E+01   0.7758857789051E+02   0.7861147133878E+02  -0.1376084275431E-01   0.7888730560877E-11   0.1164244488234E-10  -0.2176235455701E+00   0.1919751336139E+03   0.2371056518555E+03   0.6841553500592E+02   0.3664129357999E+02
   0.4000000000000E+01   0.4704189366209E+02   0.4766207309448E+02  -0.8343184458990E-02   0.4105385189234E-12  -0.2112615136421E-12  -0.1319449857737E+00   0.1163943724433E+03   0.1437569732666E+03   0.4148028359512E+02   0.2221558776451E+02
   0.5000000000000E+01   0.1649520946735E+02   0.1671267499190E+02  -0.2925533237940E-02   0.1370030896637E-11   0.2310206303713E-12  -0.4626642330582E-01   0.4081361091382E+02   0.5040829086304E+02   0.1454503477680E+02   0.7789881230824E+01
   0.6000000000000E+01  -0.1405147473539E+02  -0.1423672313186E+02   0.2492120585512E-02  -0.3497257294617E-12  -0.1915548596047E-14   0.3941213810102E-01   0.3476715016798E+02  -0.1239021455641E+02  -0.4294039535522E+02   0.6635824442187E+01
   0.7000000000000E+01  -0.4459815894272E+02  -0.4518612129723E+02   0.7909775388175E-02  -0.1505135758147E-13  -0.3231635679550E-12   0.1250906986346E+00   0.1103479098584E+03  -0.3932546436774E+02  -0.1362890777588E+03   0.2106153091845E+02
   0.8000000000000E+01  -0.7514484307757E+02  -0.7613551942163E+02   0.1332742568836E-01  -0.7287348822459E-12   0.3500452997336E-12   0.2107692605542E+00   0.1859286710214E+03  -0.6626071305163E+02  -0.2296377563477E+03   0.3548723661092E+02
   0.9000000000000E+01  -0.7514484307757E+02  -0.7613551942163E+02   0.1332742568750E-01   0.2149291532744E-11  -0.5743291320012E-13   0.2107692605542E+00   0.1859286710214E+03  -0.6626071305163E+02  -0.2296377563477E+03   0.3548723661092E+02
   0.1000000000000E+02  -0.1405147473539E+02  -0.1423672313186E+02   0.2492120586047E-02  -0.4073759572449E-12  -0.4359678021167E-13   0.3941213810102E-01   0.3476715016798E+02  -0.1239021455641E+02  -0.4294039535522E+02   0.6635824442187E+01
   0.1100000000000E+02   0.4704189366209E+02   0.4766207309448E+02  -0.8343184458835E-02   0.4103971171509E-12  -0.2426282337521E-12  -0.1319449857738E+00   0.1163943724433E+03   0.1437569732666E+03   0.4148028359512E+02   0.2221558776451E+02
   0.1200000000000E+02   0.1081352620960E+03   0.1095608693861E+03  -0.1917849561717E-01   0.3104398869272E-12   0.5601992511348E-11  -0.3033021057197E+00   0.2675558927413E+03   0.3304543457031E+03   0.9535078122726E+02   0.5106699840927E+02
   0.1300000000000E+02   0.1509006199522E+03   0.1528900268986E+03  -0.2676321258208E-01   0.9839628155438E-12  -0.1822788891663E-11  -0.4232520947346E+00   0.3733689560590E+03   0.4611424865723E+03   0.1330601323453E+03   0.7126298627131E+02
