   0.1000000000000E+01  -0.1312041603108E-02   0.8821314080141E-03   0.9425480561513E-01
   0.2000000000000E+01  -0.9402066790923E-03   0.6321338155176E-03   0.6754291568670E-01
   0.3000000000000E+01  -0.6746119365073E-03   0.4535650147467E-03   0.4846298959584E-01
   0.4000000000000E+01  -0.4090169213792E-03   0.2749965145775E-03   0.2938307492151E-01
   0.5000000000000E+01  -0.1434216805052E-03   0.9642735020965E-04   0.1030315258015E-01
   0.6000000000000E+01   0.1221738542584E-03  -0.8214190254692E-04  -0.8776759103464E-02
   0.7000000000000E+01   0.3877693465556E-03  -0.2607106362679E-03  -0.2785668057505E-01
   0.8000000000000E+01   0.6533644665727E-03  -0.4392793243987E-03  -0.4693659336433E-01
   0.9000000000000E+01   0.6533644737694E-03  -0.4392793243987E-03  -0.4693659336433E-01
   0.1000000000000E+02   0.1221738549298E-03  -0.8214190254692E-04  -0.8776759103464E-02
   0.1100000000000E+02  -0.4090169154037E-03   0.2749965145775E-03   0.2938307492151E-01
   0.1200000000000E+02  -0.9402066795471E-03   0.6321338155176E-03   0.6754291568670E-01
   0.1300000000000E+02  -0.1312041605564E-02   0.8821314080141E-03   0.9425480561513E-01
