   0.1000000000000E+01   0.1466740424059E+03   0.1478241274483E+03  -0.1178636381404E-07  -0.1134496811976E+01   0.5752402272374E+00  -0.6609060828925E+00   0.4994628758152E+03   0.7642870064073E+03   0.5477930450439E+02   0.1751937893981E+03
   0.2000000000000E+01   0.1051065000478E+03   0.1059306500698E+03  -0.8581927765268E-08  -0.8129795110282E+00   0.4122166838838E+00  -0.4736047572973E+00   0.3579146945997E+03   0.5476874389857E+03   0.3925480651855E+02   0.1255437288121E+03
   0.3000000000000E+01   0.7541539833012E+02   0.7600673761068E+02  -0.5180792129879E-08  -0.5833242819772E+00   0.2957712952364E+00  -0.3398181047838E+00   0.2568088499488E+03   0.3929734859616E+03   0.2816587829590E+02   0.9007939741556E+02
   0.4000000000000E+01   0.4572429664260E+02   0.4608282518159E+02   0.1094006730207E-08  -0.3536690549401E+00   0.1793259019003E+00  -0.2060314485509E+00   0.1557030028468E+03   0.2382595081420E+03   0.1707695007324E+02   0.5461506601900E+02
   0.5000000000000E+01   0.1603319492581E+02   0.1615891271944E+02  -0.4179093163550E-09  -0.1240138237204E+00   0.6288051100153E-01  -0.7224479423845E-01   0.5459715640146E+02   0.8354554272016E+02   0.5988021373749E+01   0.1915073783062E+02
   0.6000000000000E+01  -0.1365790678404E+02  -0.1376499972586E+02  -0.3702743074312E-09   0.1056414034073E+00  -0.5356488000369E-01   0.6154186176288E-01   0.4650868928406E+02  -0.5100907087326E+01  -0.7116842460903E+02   0.1631359178064E+02
   0.7000000000000E+01  -0.4334900849202E+02  -0.4368891216322E+02   0.2471840013572E-08   0.3352966327003E+00  -0.1700102731546E+00   0.1953285169582E+00   0.1476145351663E+03  -0.1618983554840E+02  -0.2258823967066E+03   0.5177792102950E+02
   0.8000000000000E+01  -0.7304011022985E+02  -0.7361282461460E+02  -0.2686673900431E-08   0.5649518533077E+00  -0.2864556608805E+00   0.3291151690530E+00   0.2487203774257E+03  -0.2727876377106E+02  -0.3805963630821E+03   0.8724224885547E+02
   0.9000000000000E+01  -0.7304011022985E+02  -0.7361282461460E+02  -0.2686673900431E-08   0.5649518533077E+00  -0.2864556608805E+00   0.3291151690530E+00   0.2487203774257E+03  -0.2727876377106E+02  -0.3805963630821E+03   0.8724224885547E+02
   0.1000000000000E+02  -0.1365790678404E+02  -0.1376499972586E+02  -0.3702743074312E-09   0.1056414034073E+00  -0.5356488000369E-01   0.6154186176288E-01   0.4650868928406E+02  -0.5100907087326E+01  -0.7116842460903E+02   0.1631359178064E+02
   0.1100000000000E+02   0.4572429664260E+02   0.4608282518159E+02   0.1094006730207E-08  -0.3536690549401E+00   0.1793259019003E+00  -0.2060314485509E+00   0.1557030028468E+03   0.2382595081420E+03   0.1707695007324E+02   0.5461506601900E+02
   0.1200000000000E+02   0.1051065000478E+03   0.1059306500698E+03  -0.8581927765268E-08  -0.8129795110045E+00   0.4122166838838E+00  -0.4736047572973E+00   0.3579146945997E+03   0.5476874389857E+03   0.3925480651855E+02   0.1255437288121E+03
   0.1300000000000E+02   0.1466740424059E+03   0.1478241274483E+03  -0.1178659565473E-07  -0.1134496811976E+01   0.5752402272374E+00  -0.6609060828925E+00   0.4994628758152E+03   0.7642870064073E+03   0.5477930450439E+02   0.1751937893981E+03
