   0.1000000000000E+01  -0.1414213326597E-07  -0.3699213270157E-07   0.2744840493566E-07
   0.2000000000000E+01  -0.1119915363801E-08  -0.2079177623815E-07  -0.1788138675434E-08
   0.3000000000000E+01   0.1899897977085E-08  -0.3936002407526E-08   0.5190959407307E-08
   0.4000000000000E+01   0.1501757574176E-09   0.7829512546097E-08  -0.5984911655036E-08
   0.5000000000000E+01  -0.3696768539440E-08  -0.1397565934671E-08   0.1786684158630E-08
   0.6000000000000E+01   0.2704327926474E-08   0.2611777806092E-08  -0.1638254702910E-08
   0.7000000000000E+01  -0.1431908400210E-09  -0.2130400572390E-09  -0.3702007221923E-08
   0.8000000000000E+01  -0.5806796272554E-08  -0.5431939221002E-08  -0.1066480744604E-07
   0.9000000000000E+01  -0.5806796272554E-08  -0.5431939221002E-08  -0.1066480744604E-07
   0.1000000000000E+02   0.2704327926474E-08   0.2611777806092E-08  -0.1638254702910E-08
   0.1100000000000E+02   0.1501757574176E-09   0.7829512546097E-08  -0.5984911655036E-08
   0.1200000000000E+02  -0.1119915363801E-08  -0.2079177623815E-07  -0.1788138675434E-08
   0.1300000000000E+02  -0.1414213326597E-07  -0.3699213270157E-07   0.2744840493566E-07
