   0.1000000000000E+01  -0.5253526657190E-02  -0.5215632260751E-02  -0.5262739295088E-02  -0.1479758907109E-02  -0.1274447916591E-02  -0.1176835537160E-02  -0.5253526657190E-02   0.3909375000000E+02   0.0000000000000E+00  -0.1183279478708E-02
   0.2000000000000E+01  -0.3764672948674E-02  -0.3737517854870E-02  -0.3771274717532E-02  -0.1060394034649E-02  -0.9132683450873E-03  -0.8433193930253E-03  -0.3764672948674E-02   0.1415625000000E+02   0.0000000000000E+00  -0.8479371163208E-03
   0.3000000000000E+01  -0.2701206014020E-02  -0.2681721850669E-02  -0.2705942876421E-02  -0.7608476971774E-03  -0.6552829368705E-03  -0.6050935757864E-03  -0.2701206014020E-02   0.1364062500000E+02   0.0000000000000E+00  -0.6084068574730E-03
   0.4000000000000E+01  -0.1637739079366E-02  -0.1625925846469E-02  -0.1640611035310E-02  -0.4613013597059E-03  -0.3972975286537E-03  -0.3668677585476E-03  -0.1637739079366E-02   0.1295312500000E+02   0.0000000000000E+00  -0.3688765986253E-03
   0.5000000000000E+01  -0.5742721447124E-03  -0.5701298422677E-03  -0.5752791941992E-03  -0.1617550222343E-03  -0.1393121204368E-03  -0.1286419413087E-03  -0.5742721447124E-03   0.1332812500000E+02   0.0000000000000E+00  -0.1293463397775E-03
   0.6000000000000E+01   0.4891947899415E-03   0.4856661619331E-03   0.4900526469118E-03   0.1377913152372E-03   0.1186732877800E-03   0.1095838759302E-03   0.4891947899415E-03   0.1367187500000E+02   0.0000000000000E+00   0.1101839190703E-03
   0.7000000000000E+01   0.1552661724595E-02   0.1541462166134E-02   0.1555384488023E-02   0.4373376527087E-03   0.3766586959968E-03   0.3478096931690E-03   0.1552661724595E-02   0.1364062500000E+02   0.0000000000000E+00   0.3497141779180E-03
   0.8000000000000E+01   0.2616128659249E-02   0.2597258170335E-02   0.2620716329134E-02   0.7368839901803E-03   0.6346441042136E-03   0.5860355104079E-03   0.2616128659249E-02   0.1396875000000E+02   0.0000000000000E+00   0.5892444367658E-03
   0.9000000000000E+01   0.2616128659249E-02   0.2597258170335E-02   0.2620716329134E-02   0.7368839901803E-03   0.6346441042136E-03   0.5860355104079E-03   0.2616128659249E-02   0.1371875000000E+02   0.0000000000000E+00   0.5892444367658E-03
   0.1000000000000E+02   0.4891947899415E-03   0.4856661619331E-03   0.4900526469118E-03   0.1377913152372E-03   0.1186732877800E-03   0.1095838759302E-03   0.4891947899415E-03   0.1318750000000E+02   0.0000000000000E+00   0.1101839190703E-03
   0.1100000000000E+02  -0.1637739079366E-02  -0.1625925846469E-02  -0.1640611035310E-02  -0.4613013597059E-03  -0.3972975286537E-03  -0.3668677585476E-03  -0.1637739079366E-02   0.1321875000000E+02   0.0000000000000E+00  -0.3688765986253E-03
   0.1200000000000E+02  -0.3764672948674E-02  -0.3737517854870E-02  -0.3771274717532E-02  -0.1060394034649E-02  -0.9132683450873E-03  -0.8433193930253E-03  -0.3764672948674E-02   0.1367187500000E+02   0.0000000000000E+00  -0.8479371163208E-03
   0.1300000000000E+02  -0.5253526657190E-02  -0.5215632260751E-02  -0.5262739295088E-02  -0.1479758907109E-02  -0.1274447916591E-02  -0.1176835537160E-02  -0.5253526657190E-02   0.1412500000000E+02   0.0000000000000E+00  -0.1183279478708E-02
