   0.1000000000000E+01   0.3000000000000E+02   0.5932560981417E-03   0.5445290385029E-03  -0.4215930889922E-03   0.6295252262546E-04  -0.1123899125964E-03   0.8621153440992E-04   0.0000000000000E+00   0.0000000000000E+00
   0.2000000000000E+01   0.1000000000000E+03   0.4251268394192E-03   0.3902090679156E-03  -0.3021132661571E-03   0.4511172668295E-04  -0.8053852036216E-04   0.6177911584518E-04   0.0000000000000E+00   0.0000000000000E+00
   0.3000000000000E+01   0.1500000000000E+03   0.3050345120254E-03   0.2799805177505E-03  -0.2167705356034E-03   0.3236830081002E-04  -0.5778752587541E-04   0.4432738813098E-04   0.0000000000000E+00   0.0000000000000E+00
   0.4000000000000E+01   0.2000000000000E+03   0.1849421843622E-03   0.1697519674764E-03  -0.1314278050573E-03   0.1962487549189E-04  -0.3503653145856E-04   0.2687566053483E-04   0.0000000000000E+00   0.0000000000000E+00
   0.5000000000000E+01   0.2500000000000E+03   0.6484985685201E-04   0.5952341714302E-04  -0.4608507451803E-04   0.6881449846697E-05  -0.1228553702835E-04   0.9423932914093E-05   0.0000000000000E+00   0.0000000000000E+00
   0.6000000000000E+01   0.3000000000000E+03  -0.5524247069646E-04  -0.5070513311911E-04   0.3925765605655E-04  -0.5861975802534E-05   0.1046545744808E-04  -0.8027794701226E-05   0.0000000000000E+00   0.0000000000000E+00
   0.7000000000000E+01   0.3500000000000E+03  -0.1753347983244E-03  -0.1609336833945E-03   0.1246003865889E-03  -0.1860540136916E-04   0.3321645193422E-04  -0.2547952233718E-04   0.0000000000000E+00   0.0000000000000E+00
   0.8000000000000E+01   0.4000000000000E+03  -0.2954271256404E-03  -0.2711622337134E-03   0.2099431172623E-03  -0.3134882700458E-04   0.5596744639944E-04  -0.4293125000657E-04   0.0000000000000E+00   0.0000000000000E+00
   0.9000000000000E+01   0.4000000000000E+03  -0.2954271256404E-03  -0.2711622337134E-03   0.2099431172623E-03  -0.3134882700458E-04   0.5596744639944E-04  -0.4293125000657E-04   0.0000000000000E+00   0.0000000000000E+00
   0.1000000000000E+02   0.3000000000000E+03  -0.5524247069646E-04  -0.5070513311911E-04   0.3925765605655E-04  -0.5861975802532E-05   0.1046545744808E-04  -0.8027794701226E-05   0.0000000000000E+00   0.0000000000000E+00
   0.1100000000000E+02   0.2000000000000E+03   0.1849421843622E-03   0.1697519674764E-03  -0.1314278050573E-03   0.1962487549189E-04  -0.3503653145856E-04   0.2687566053483E-04   0.0000000000000E+00   0.0000000000000E+00
   0.1200000000000E+02   0.1000000000000E+03   0.4251268394192E-03   0.3902090679156E-03  -0.3021132661571E-03   0.4511172668295E-04  -0.8053852036216E-04   0.6177911584518E-04   0.0000000000000E+00   0.0000000000000E+00
   0.1300000000000E+02   0.3000000000000E+02   0.5932560981417E-03   0.5445290385029E-03  -0.4215930889922E-03   0.6295252262546E-04  -0.1123899125964E-03   0.8621153440992E-04   0.0000000000000E+00   0.0000000000000E+00
