   0.1000000000000E+01   0.1558699831319E+03   0.1582243493357E+03  -0.7732545298596E-09   0.1337891300712E-14   0.2968157202878E-11  -0.7966125966122E+00   0.4571297039859E+03   0.7468626709269E+03  -0.1394915580750E+02   0.1431861571868E+03
   0.2000000000000E+01   0.1116963036876E+03   0.1133834405515E+03   0.9301724630199E-08  -0.5215508460404E-15   0.4072135783656E-14  -0.5708519521575E+00   0.3275787739388E+03   0.5352011833395E+03  -0.9995953559875E+01   0.1026070840035E+03
   0.3000000000000E+01   0.8014367548033E+02   0.8135422010203E+02  -0.6497600814756E-08   0.2380992992793E-15   0.1758462533219E-14  -0.4095943354194E+00   0.2350423959897E+03   0.3840144043115E+03  -0.7172238111496E+01   0.7362203318549E+02
   0.4000000000000E+01   0.4859104735682E+02   0.4932499959189E+02  -0.5019063161711E-08   0.4421844129473E-15  -0.9156335315023E-13  -0.2483367206383E+00   0.1425060184312E+03   0.2328276329129E+03  -0.4348522186279E+01   0.4463698058568E+02
   0.5000000000000E+01   0.1703841919734E+02   0.1729577907329E+02   0.7638823943785E-09  -0.1927470517975E-15   0.3626998159906E-12  -0.8707911105171E-01   0.4996964318638E+02   0.8164085865331E+02  -0.1524806499481E+01   0.1565192809099E+02
   0.6000000000000E+01  -0.1451420894971E+02  -0.1473344143898E+02  -0.9728489685047E-09   0.4251773201416E-16  -0.2438126195187E-15   0.7417850126032E-01   0.4256673299642E+02   0.1298909187317E+01  -0.6954591655996E+02   0.1333312370302E+02
   0.7000000000000E+01  -0.4606683710353E+02  -0.4676266196714E+02  -0.1433217760140E-08  -0.3741560417246E-15  -0.3715133875227E-12   0.2354361141845E+00   0.1351031110841E+03   0.4122624874115E+01  -0.2207326936806E+03   0.4231817700352E+02
   0.8000000000000E+01  -0.7761946528071E+02  -0.7879188245987E+02   0.7302955452795E-08  -0.9487429397763E-11  -0.3100959921566E-14   0.3966937264448E+00   0.2276394869676E+03   0.6946340799332E+01  -0.3719194603108E+03   0.7130322871245E+02
   0.9000000000000E+01  -0.7761946528071E+02  -0.7879188245987E+02   0.7302955452795E-08  -0.9487429397763E-11   0.2285129679678E-12   0.3966937264448E+00   0.2276394869676E+03   0.6946340799332E+01  -0.3719194603108E+03   0.7130322871245E+02
   0.1000000000000E+02  -0.1451420894971E+02  -0.1473344143898E+02  -0.9728489685047E-09   0.4251773201416E-16  -0.2438126195187E-15   0.7417850126032E-01   0.4256673299642E+02   0.1298909187317E+01  -0.6954591655996E+02   0.1333312370302E+02
   0.1100000000000E+02   0.4859104735682E+02   0.4932499959189E+02  -0.5019063161711E-08   0.4421844129473E-15   0.1091288455030E-14  -0.2483367206383E+00   0.1425060184312E+03   0.2328276329129E+03  -0.4348522186279E+01   0.4463698058568E+02
   0.1200000000000E+02   0.1116963036876E+03   0.1133834405515E+03   0.9301724630199E-08  -0.5215508460404E-15   0.4072135783656E-14  -0.5708519521575E+00   0.3275787739388E+03   0.5352011833395E+03  -0.9995953559875E+01   0.1026070840035E+03
   0.1300000000000E+02   0.1558699831319E+03   0.1582243493357E+03  -0.7732545298596E-09   0.1337891300712E-14   0.2968157202878E-11  -0.7966125966122E+00   0.4571297039859E+03   0.7468626709269E+03  -0.1394915580750E+02   0.1431861571868E+03
