   0.1000000000000E+01  -0.4858072199977E-03  -0.1004093168986E-02  -0.6560137054622E-03  -0.6390662211453E-03  -0.6351078949787E-03  -0.5879135186718E-03
   0.2000000000000E+01  -0.3481290609144E-03  -0.7195323516766E-03  -0.4700988906638E-03  -0.4579543365718E-03  -0.4551178034605E-03  -0.4212983515476E-03
   0.3000000000000E+01  -0.2497875176909E-03  -0.5162746252279E-03  -0.3373025935328E-03  -0.3285887052080E-03  -0.3265534522488E-03  -0.3022875176515E-03
   0.4000000000000E+01  -0.1514459753614E-03  -0.3130168987830E-03  -0.2045062971108E-03  -0.1992230731530E-03  -0.1979891008368E-03  -0.1832766840205E-03
   0.5000000000000E+01  -0.5310443301243E-04  -0.1097591721885E-03  -0.7171000028237E-04  -0.6985744117113E-04  -0.6942474959948E-04  -0.6426585024795E-04
   0.6000000000000E+01   0.4523710942660E-04   0.9349855415100E-04   0.6108629646105E-04   0.5950819062113E-04   0.5913960161165E-04   0.5474498350907E-04
   0.7000000000000E+01   0.1435786519292E-03   0.2967562805890E-03   0.1938825932544E-03   0.1888738222323E-03   0.1877039526962E-03   0.1737558172631E-03
   0.8000000000000E+01   0.2419201940113E-03   0.5000140066784E-03   0.3266788901043E-03   0.3182394545078E-03   0.3162683040582E-03   0.2927666508817E-03
   0.9000000000000E+01   0.2419201940113E-03   0.5000140066784E-03   0.3266788901043E-03   0.3182394545078E-03   0.3162683040582E-03   0.2927666508817E-03
   0.1000000000000E+02   0.4523710942660E-04   0.9349855415100E-04   0.6108629646105E-04   0.5950819062113E-04   0.5913960161165E-04   0.5474498350907E-04
   0.1100000000000E+02  -0.1514459753614E-03  -0.3130168987830E-03  -0.2045062971108E-03  -0.1992230731530E-03  -0.1979891008368E-03  -0.1832766840205E-03
   0.1200000000000E+02  -0.3481290609144E-03  -0.7195323516766E-03  -0.4700988906638E-03  -0.4579543365718E-03  -0.4551178034605E-03  -0.4212983515476E-03
   0.1300000000000E+02  -0.4858072199977E-03  -0.1004093168986E-02  -0.6560137054622E-03  -0.6390662211453E-03  -0.6351078949787E-03  -0.5879135186718E-03
