   0.1000000000000E+01   0.8402857831903E-08   0.6541609684850E-07  -0.6024492912979E-07
   0.2000000000000E+01   0.6433110725374E-08   0.5066395251126E-08   0.2423767053411E-07
   0.3000000000000E+01  -0.1187319862313E-07  -0.3241002005365E-08  -0.1522363083835E-07
   0.4000000000000E+01  -0.4549510784997E-08  -0.6146731318727E-09  -0.2954911894842E-07
   0.5000000000000E+01  -0.5740730474004E-09  -0.2738088390517E-08  -0.3054447000021E-08
   0.6000000000000E+01  -0.9036739302685E-09   0.5653128054073E-08   0.6125628840349E-08
   0.7000000000000E+01   0.1071603020330E-08  -0.1305714268867E-07   0.2061657052698E-07
   0.8000000000000E+01  -0.3994209618230E-08   0.1769512908465E-07  -0.3901310147847E-07
   0.9000000000000E+01  -0.3994209618230E-08   0.1769512908465E-07  -0.3901310147847E-07
   0.1000000000000E+02  -0.9036739302685E-09   0.5653128054073E-08   0.6125628840349E-08
   0.1100000000000E+02  -0.4549510784997E-08  -0.6146731318727E-09  -0.2954911894842E-07
   0.1200000000000E+02   0.6433110725374E-08   0.5066395251126E-08   0.2423767053411E-07
   0.1300000000000E+02   0.8402857831903E-08   0.6541609684850E-07  -0.6024492912979E-07
