   0.1000000000000E+01   0.3000000000000E+02   0.6398369786201E-03   0.5691455484036E-03  -0.4451344421989E-03   0.5666262853710E-17  -0.3460101889173E-20   0.9928182566087E-04   0.0000000000000E+00   0.0000000000000E+00
   0.2000000000000E+01   0.1000000000000E+03   0.4585066607973E-03   0.4078492395365E-03  -0.3189829808611E-03   0.5536163022677E-20  -0.1781952472924E-18   0.7114527579699E-04   0.0000000000000E+00   0.0000000000000E+00
   0.3000000000000E+01   0.1500000000000E+03   0.3289850051756E-03   0.2926375898782E-03  -0.2288747941997E-03   0.4498132455925E-20   0.4456611233255E-18   0.5104774029404E-04   0.0000000000000E+00   0.0000000000000E+00
   0.4000000000000E+01   0.2000000000000E+03   0.1994633495246E-03   0.1774259402573E-03  -0.1387666076240E-03   0.7153196659257E-15   0.7158431793416E-17   0.3095020470707E-04   0.0000000000000E+00   0.0000000000000E+00
   0.5000000000000E+01   0.2500000000000E+03   0.6994169398487E-04   0.6221429073061E-04  -0.4865842080052E-04   0.1413520823765E-16  -0.1338410662006E-18   0.1085266921417E-04   0.0000000000000E+00   0.0000000000000E+00
   0.6000000000000E+01   0.3000000000000E+03  -0.5957996155733E-04  -0.5299735877280E-04   0.4144976587411E-04  -0.3517193570344E-18   0.8853535708922E-19  -0.9244866326212E-05   0.0000000000000E+00   0.0000000000000E+00
   0.7000000000000E+01   0.3500000000000E+03  -0.1891016170290E-03  -0.1682090082642E-03   0.1315579525459E-03  -0.1736971148365E-18   0.4523726829599E-15  -0.2934240189698E-04   0.0000000000000E+00   0.0000000000000E+00
   0.8000000000000E+01   0.4000000000000E+03  -0.3186232725954E-03  -0.2834206577724E-03   0.2216661393059E-03  -0.2422071322421E-20  -0.1860669790903E-17  -0.4943993743878E-04   0.0000000000000E+00   0.0000000000000E+00
   0.9000000000000E+01   0.4000000000000E+03  -0.3186232725954E-03  -0.2834206577724E-03   0.2216661393059E-03  -0.2422071322421E-20   0.3482592551453E-18  -0.4943993743878E-04   0.0000000000000E+00   0.0000000000000E+00
   0.1000000000000E+02   0.3000000000000E+03  -0.5957996155733E-04  -0.5299735877280E-04   0.4144976587411E-04  -0.3517193570344E-18   0.8853535708922E-19  -0.9244866326212E-05   0.0000000000000E+00   0.0000000000000E+00
   0.1100000000000E+02   0.2000000000000E+03   0.1994633495246E-03   0.1774259402573E-03  -0.1387666076240E-03   0.7153196659257E-15   0.7158431793416E-17   0.3095020470707E-04   0.0000000000000E+00   0.0000000000000E+00
   0.1200000000000E+02   0.1000000000000E+03   0.4585066607973E-03   0.4078492395365E-03  -0.3189829808611E-03   0.5536163022677E-20  -0.1781952472924E-18   0.7114527579699E-04   0.0000000000000E+00   0.0000000000000E+00
   0.1300000000000E+02   0.3000000000000E+02   0.6398369786201E-03   0.5691455484036E-03  -0.4451344421989E-03   0.5666262853710E-17  -0.3460101889173E-20   0.9928182566087E-04   0.0000000000000E+00   0.0000000000000E+00
