   0.1000000000000E+01  -0.5259465370011E-02  -0.5202588441046E-02  -0.5261405973431E-02  -0.1464697405007E-02  -0.1274279436898E-02  -0.1176779996178E-02  -0.5259465370011E-02   0.5400000000000E+02   0.0000000000000E+00  -0.1184250239178E-02
   0.2000000000000E+01  -0.3768928625473E-02  -0.3728170664231E-02  -0.3770319260313E-02  -0.1049600974438E-02  -0.9131476126756E-03  -0.8432795924028E-03  -0.3768928625473E-02   0.1635937500000E+02   0.0000000000000E+00  -0.8486327624876E-03
   0.3000000000000E+01  -0.2704259522232E-02  -0.2675015109363E-02  -0.2705257322371E-02  -0.7531035240318E-03  -0.6551963096598E-03  -0.6050650182777E-03  -0.2704259522232E-02   0.1603125000000E+02   0.0000000000000E+00  -0.6089059934232E-03
   0.4000000000000E+01  -0.1639590418991E-02  -0.1621859554496E-02  -0.1640195384429E-02  -0.4566060736255E-03  -0.3972450066440E-03  -0.3668504441525E-03  -0.1639590418991E-02   0.1665625000000E+02   0.0000000000000E+00  -0.3691792243589E-03
   0.5000000000000E+01  -0.5749213157495E-03  -0.5687039996279E-03  -0.5751334464878E-03  -0.1601086232191E-03  -0.1392937036283E-03  -0.1286358700273E-03  -0.5749213157495E-03   0.1628125000000E+02   0.0000000000000E+00  -0.1294524552945E-03
   0.6000000000000E+01   0.4897477874917E-03   0.4844515552399E-03   0.4899284914539E-03   0.1363888271872E-03   0.1186575993875E-03   0.1095787040979E-03   0.4897477874917E-03   0.1687500000000E+02   0.0000000000000E+00   0.1102743137699E-03
   0.7000000000000E+01   0.1554416890733E-02   0.1537607110108E-02   0.1554990429396E-02   0.4328862775935E-03   0.3766089024033E-03   0.3477932782230E-03   0.1554416890733E-02   0.1700000000000E+02   0.0000000000000E+00   0.3500010828343E-03
   0.8000000000000E+01   0.2619085993974E-02   0.2590762664975E-02   0.2620052367337E-02   0.7293837279999E-03   0.6345602054191E-03   0.5860078523482E-03   0.2619085993974E-02   0.1673437500000E+02   0.0000000000000E+00   0.5897278518986E-03
   0.9000000000000E+01   0.2619085993974E-02   0.2590762664975E-02   0.2620052367337E-02   0.7293837279999E-03   0.6345602054191E-03   0.5860078523482E-03   0.2619085993974E-02   0.1668750000000E+02   0.0000000000000E+00   0.5897278518986E-03
   0.1000000000000E+02   0.4897477874917E-03   0.4844515552399E-03   0.4899284914539E-03   0.1363888271872E-03   0.1186575993875E-03   0.1095787040979E-03   0.4897477874917E-03   0.1695312500000E+02   0.0000000000000E+00   0.1102743137699E-03
   0.1100000000000E+02  -0.1639590418991E-02  -0.1621859554496E-02  -0.1640195384429E-02  -0.4566060736255E-03  -0.3972450066440E-03  -0.3668504441525E-03  -0.1639590418991E-02   0.1693750000000E+02   0.0000000000000E+00  -0.3691792243589E-03
   0.1200000000000E+02  -0.3768928625473E-02  -0.3728170664231E-02  -0.3770319260313E-02  -0.1049600974438E-02  -0.9131476126756E-03  -0.8432795924028E-03  -0.3768928625473E-02   0.1707812500000E+02   0.0000000000000E+00  -0.8486327624876E-03
   0.1300000000000E+02  -0.5259465370011E-02  -0.5202588441046E-02  -0.5261405973431E-02  -0.1464697405007E-02  -0.1274279436898E-02  -0.1176779996178E-02  -0.5259465370011E-02   0.1701562500000E+02   0.0000000000000E+00  -0.1184250239178E-02
