   0.1000000000000E+01  -0.5276793317920E-02  -0.5208245446318E-02  -0.5273194147669E-02  -0.1452897034938E-02  -0.1274235104733E-02  -0.1176926874308E-02  -0.5276793317920E-02   0.4207812500000E+02   0.0000000000000E+00  -0.1185891904477E-02
   0.2000000000000E+01  -0.3781345818914E-02  -0.3732224469628E-02  -0.3778766656427E-02  -0.1041144838802E-02  -0.9131158442822E-03  -0.8433848451521E-03  -0.3781345818914E-02   0.1412500000000E+02   0.0000000000000E+00  -0.8498091785115E-03
   0.3000000000000E+01  -0.2713169033910E-02  -0.2677923771993E-02  -0.2711318448397E-02  -0.7470361272757E-03  -0.6551735153888E-03  -0.6051405386119E-03  -0.2713169033910E-02   0.1420312500000E+02   0.0000000000000E+00  -0.6097500885364E-03
   0.4000000000000E+01  -0.1644992248906E-02  -0.1623623074358E-02  -0.1643870240366E-02  -0.4529274157497E-03  -0.3972311864955E-03  -0.3668962320717E-03  -0.1644992248906E-02   0.1425000000000E+02   0.0000000000000E+00  -0.3696909985613E-03
   0.5000000000000E+01  -0.5768154639015E-03  -0.5693223767224E-03  -0.5764220323357E-03  -0.1588187042237E-03  -0.1392888576021E-03  -0.1286519255314E-03  -0.5768154639015E-03   0.1420312500000E+02   0.0000000000000E+00  -0.1296319085863E-03
   0.6000000000000E+01   0.4913613211027E-03   0.4849783209130E-03   0.4910261756947E-03   0.1352900073022E-03   0.1186534712912E-03   0.1095923810088E-03   0.4913613211027E-03   0.1448437500000E+02   0.0000000000000E+00   0.1104271813888E-03
   0.7000000000000E+01   0.1559538106107E-02   0.1539279018548E-02   0.1558474383725E-02   0.4293987188282E-03   0.3765958001845E-03   0.3478366875490E-03   0.1559538106107E-02   0.1446875000000E+02   0.0000000000000E+00   0.3504862713639E-03
   0.8000000000000E+01   0.2627714891111E-02   0.2593579716184E-02   0.2625922591756E-02   0.7235074303542E-03   0.6345381290779E-03   0.5860809940892E-03   0.2627714891111E-02   0.1434375000000E+02   0.0000000000000E+00   0.5905453613390E-03
   0.9000000000000E+01   0.2627714891111E-02   0.2593579716184E-02   0.2625922591756E-02   0.7235074303542E-03   0.6345381290779E-03   0.5860809940892E-03   0.2627714891111E-02   0.1446875000000E+02   0.0000000000000E+00   0.5905453613390E-03
   0.1000000000000E+02   0.4913613211027E-03   0.4849783209130E-03   0.4910261756947E-03   0.1352900073022E-03   0.1186534712912E-03   0.1095923810088E-03   0.4913613211027E-03   0.1450000000000E+02   0.0000000000000E+00   0.1104271813888E-03
   0.1100000000000E+02  -0.1644992248906E-02  -0.1623623074358E-02  -0.1643870240366E-02  -0.4529274157497E-03  -0.3972311864955E-03  -0.3668962320717E-03  -0.1644992248906E-02   0.1456250000000E+02   0.0000000000000E+00  -0.3696909985613E-03
   0.1200000000000E+02  -0.3781345818914E-02  -0.3732224469628E-02  -0.3778766656427E-02  -0.1041144838802E-02  -0.9131158442822E-03  -0.8433848451521E-03  -0.3781345818914E-02   0.1464062500000E+02   0.0000000000000E+00  -0.8498091785115E-03
   0.1300000000000E+02  -0.5276793317920E-02  -0.5208245446318E-02  -0.5273194147669E-02  -0.1452897034938E-02  -0.1274235104733E-02  -0.1176926874308E-02  -0.5276793317920E-02   0.1473437500000E+02   0.0000000000000E+00  -0.1185891904477E-02
