   0.1000000000000E+01  -0.4128391360573E-03  -0.1080219848040E-02  -0.7173667942390E-03  -0.6995157564177E-03  -0.6974070274563E-03  -0.5997128671240E-03
   0.2000000000000E+01  -0.2958401906291E-03  -0.7740846682757E-03  -0.5140644634499E-03  -0.5012724250484E-03  -0.4997613110258E-03  -0.4297537549050E-03
   0.3000000000000E+01  -0.2122695157930E-03  -0.5554166833684E-03  -0.3688485131765E-03  -0.3596700446817E-03  -0.3585857996354E-03  -0.3083543893279E-03
   0.4000000000000E+01  -0.1286988399701E-03  -0.3367486976325E-03  -0.2236325631271E-03  -0.2180676649596E-03  -0.2174102879802E-03  -0.1869550235193E-03
   0.5000000000000E+01  -0.4512816465040E-04  -0.1180807120538E-03  -0.7841661307300E-04  -0.7646528506091E-04  -0.7623477629991E-04  -0.6555565755759E-04
   0.6000000000000E+01   0.3844251060597E-04   0.1005872732958E-03   0.6679933706931E-04   0.6513709464928E-04   0.6494073534872E-04   0.5584370832660E-04
   0.7000000000000E+01   0.1220131858361E-03   0.3192552588765E-03   0.2120152870998E-03   0.2067394744509E-03   0.2061162470109E-03   0.1772430740497E-03
   0.8000000000000E+01   0.2055838612844E-03   0.5379232442100E-03   0.3572312372294E-03   0.3483418543482E-03   0.3472917586400E-03   0.2986424400312E-03
   0.9000000000000E+01   0.2055838612844E-03   0.5379232442100E-03   0.3572312372294E-03   0.3483418543482E-03   0.3472917586400E-03   0.2986424400312E-03
   0.1000000000000E+02   0.3844251060597E-04   0.1005872732958E-03   0.6679933706931E-04   0.6513709464928E-04   0.6494073534872E-04   0.5584370832660E-04
   0.1100000000000E+02  -0.1286988399701E-03  -0.3367486976325E-03  -0.2236325631271E-03  -0.2180676649596E-03  -0.2174102879802E-03  -0.1869550235193E-03
   0.1200000000000E+02  -0.2958401906291E-03  -0.7740846682757E-03  -0.5140644634499E-03  -0.5012724250484E-03  -0.4997613110258E-03  -0.4297537549050E-03
   0.1300000000000E+02  -0.4128391360573E-03  -0.1080219848040E-02  -0.7173667942390E-03  -0.6995157564177E-03  -0.6974070274563E-03  -0.5997128671240E-03
