   0.1000000000000E+01   0.3000000000000E+02   0.6886152942493E-03   0.6155658170697E-03  -0.4801100760314E-03   0.2775001715117E-18  -0.8304244534015E-20   0.1039874371331E-03   0.0000000000000E+00   0.0000000000000E+00
   0.2000000000000E+01   0.1000000000000E+03   0.4934611620792E-03   0.4411139656477E-03  -0.3440464918692E-03   0.4498132455925E-20   0.5829579662879E-17   0.7451731346848E-04   0.0000000000000E+00   0.0000000000000E+00
   0.3000000000000E+01   0.1500000000000E+03   0.3540653535580E-03   0.3165055010923E-03  -0.2468582172962E-03   0.1456702895342E-18   0.5301049099308E-17   0.5346722481040E-04   0.0000000000000E+00   0.0000000000000E+00
   0.4000000000000E+01   0.2000000000000E+03   0.2146695450393E-03   0.1918970361192E-03  -0.1496699427784E-03  -0.5190152833760E-20   0.1809506129293E-15   0.3241713638592E-04   0.0000000000000E+00   0.0000000000000E+00
   0.5000000000000E+01   0.2500000000000E+03   0.7527373655610E-04   0.6728857106985E-04  -0.5248166822938E-04  -0.2162563680733E-20   0.2223115463794E-19   0.1136704777424E-04   0.0000000000000E+00   0.0000000000000E+00
   0.6000000000000E+01   0.3000000000000E+03  -0.6412207191532E-04  -0.5731989389748E-04   0.4470660625724E-04  -0.3594180837379E-19   0.3676358257246E-21  -0.9683040739277E-05   0.0000000000000E+00   0.0000000000000E+00
   0.7000000000000E+01   0.3500000000000E+03  -0.2035178803773E-03  -0.1819283588551E-03   0.1418948807596E-03  -0.2422071322421E-20   0.4238624814237E-20  -0.3073312927766E-04   0.0000000000000E+00   0.0000000000000E+00
   0.8000000000000E+01   0.4000000000000E+03  -0.3429136888462E-03  -0.3065368237623E-03   0.2390831553332E-03   0.1038030566752E-20  -0.8909762364621E-19  -0.5178321771807E-04   0.0000000000000E+00   0.0000000000000E+00
   0.9000000000000E+01   0.4000000000000E+03  -0.3429136888462E-03  -0.3065368237623E-03   0.2390831553332E-03   0.1038030566752E-20  -0.8909762364621E-19  -0.5178321771807E-04   0.0000000000000E+00   0.0000000000000E+00
   0.1000000000000E+02   0.3000000000000E+03  -0.6412207191532E-04  -0.5731989389748E-04   0.4470660625724E-04  -0.3594180837379E-19   0.3676358257246E-21  -0.9683040739277E-05   0.0000000000000E+00   0.0000000000000E+00
   0.1100000000000E+02   0.2000000000000E+03   0.2146695450393E-03   0.1918970361192E-03  -0.1496699427784E-03  -0.5190152833760E-20   0.1809506129293E-15   0.3241713638592E-04   0.0000000000000E+00   0.0000000000000E+00
   0.1200000000000E+02   0.1000000000000E+03   0.4934611620792E-03   0.4411139656477E-03  -0.3440464918692E-03   0.4498132455925E-20   0.5829579662879E-17   0.7451731346848E-04   0.0000000000000E+00   0.0000000000000E+00
   0.1300000000000E+02   0.3000000000000E+02   0.6886152942493E-03   0.6155658170697E-03  -0.4801100760314E-03   0.2775001715117E-18  -0.8304244534015E-20   0.1039874371331E-03   0.0000000000000E+00   0.0000000000000E+00
