   0.1000000000000E+01   0.1768756198043E-07  -0.1229345864830E-07  -0.4604458473872E-07
   0.2000000000000E+01  -0.2149026823708E-08  -0.2798624367718E-07   0.5736947049614E-07
   0.3000000000000E+01  -0.6458576495382E-08  -0.1247972199898E-08  -0.5204230529977E-07
   0.4000000000000E+01   0.1606822429929E-08  -0.1047738114878E-08   0.1321546745414E-07
   0.5000000000000E+01   0.2098749971523E-08  -0.8189818007047E-09   0.1161359250059E-07
   0.6000000000000E+01   0.9952782307887E-09   0.2027955002921E-08  -0.3883615124320E-08
   0.7000000000000E+01   0.2389424451237E-08  -0.1369043919223E-08   0.1387670631586E-07
   0.8000000000000E+01   0.9004143073443E-08  -0.1592561578439E-07   0.2756715060167E-08
   0.9000000000000E+01   0.9004143073443E-08  -0.1592561578439E-07   0.2756715060167E-08
   0.1000000000000E+02   0.9952782307887E-09   0.2027955002921E-08  -0.3883615124320E-08
   0.1100000000000E+02   0.1606822429929E-08  -0.1047738114878E-08   0.1321546745414E-07
   0.1200000000000E+02  -0.2149026823708E-08  -0.2798624367718E-07   0.5736947049614E-07
   0.1300000000000E+02   0.1768756198043E-07  -0.1229345864830E-07  -0.4604458473872E-07
