   0.1000000000000E+01   0.1680587745886E+03   0.1707992349234E+03   0.9916563486074E-08   0.4743391564118E-10  -0.2196749487398E-16  -0.9138165153448E+00   0.4685602129671E+03   0.7558435516645E+03  -0.5022351074219E+02   0.1292866487626E+03
   0.2000000000000E+01   0.1204307818618E+03   0.1223945933388E+03   0.8889641871559E-08   0.2721134848906E-15   0.1447243364308E-12  -0.6548401747166E+00   0.3357698652234E+03   0.5416368866173E+03  -0.3599012756348E+02   0.9264670995498E+02
   0.3000000000000E+01   0.8641078692705E+02   0.8781984943013E+02  -0.2018172504393E-08  -0.9070449496354E-15   0.2987818110790E-11  -0.4698570711915E+00   0.2409196232412E+03   0.3886321201472E+03  -0.2582342338562E+02   0.6647532514095E+02
   0.4000000000000E+01   0.5239079207259E+02   0.5324510555151E+02   0.2319793234359E-08   0.4535224748177E-16  -0.1169237630389E-16  -0.2848739761328E+00   0.1460693759712E+03   0.2356273489088E+03  -0.1565672206879E+02   0.4030393553158E+02
   0.5000000000000E+01   0.1837079720460E+02   0.1867036170085E+02   0.7492386599820E-09  -0.4251773201416E-15   0.1158071025702E-10  -0.9989087304481E-01   0.5121913294901E+02   0.8262257623987E+02  -0.5490019321442E+01   0.1413254885036E+02
   0.6000000000000E+01  -0.1564919762129E+02  -0.1590438218269E+02  -0.1329447137408E-09  -0.7369740215788E-16  -0.5788036295557E-13   0.8509222592237E-01   0.4363111280028E+02   0.4676682949066E+01  -0.7038219499856E+02   0.1203883844626E+02
   0.7000000000000E+01  -0.4966919251074E+02  -0.5047912605414E+02   0.3245389619326E-08  -0.5930101147850E-11   0.1539496213346E-15   0.2700753268413E+00   0.1384813578450E+03   0.1484338569641E+02  -0.2233869667138E+03   0.3821022582780E+02
   0.8000000000000E+01  -0.8368918729811E+02  -0.8505386999656E+02   0.6148055262249E-09  -0.6916217740970E-15  -0.4632824202015E-12   0.4550584214066E+00   0.2333316028031E+03   0.2501008796692E+02  -0.3763917389059E+03   0.6438161276378E+02
   0.9000000000000E+01  -0.8368918729811E+02  -0.8505386999656E+02   0.6148055262249E-09  -0.6916217740970E-15  -0.4632824202015E-12   0.4550584214066E+00   0.2333316028031E+03   0.2501008796692E+02  -0.3763917389059E+03   0.6438161276378E+02
   0.1000000000000E+02  -0.1564919762129E+02  -0.1590438218269E+02  -0.1329447137408E-09  -0.7369740215788E-16  -0.5788036295557E-13   0.8509222592237E-01   0.4363111280028E+02   0.4676682949066E+01  -0.7038219499856E+02   0.1203883844626E+02
   0.1100000000000E+02   0.5239079207259E+02   0.5324510555151E+02   0.2320163762221E-08   0.4535224748177E-16  -0.1169237630389E-16  -0.2848739761328E+00   0.1460693759712E+03   0.2356273489088E+03  -0.1565672206879E+02   0.4030393553158E+02
   0.1200000000000E+02   0.1204307818618E+03   0.1223945933388E+03   0.8889641871559E-08   0.2721134848906E-15   0.1447243364308E-12  -0.6548401747166E+00   0.3357698652234E+03   0.5416368866173E+03  -0.3599012756348E+02   0.9264670995498E+02
   0.1300000000000E+02   0.1680587745886E+03   0.1707992349234E+03   0.9916563486074E-08   0.4743391564118E-10  -0.2196749487398E-16  -0.9138165153448E+00   0.4685602129671E+03   0.7558435516645E+03  -0.5022351074219E+02   0.1292866487626E+03
